Inicio: 08-05-2017-16:11:29:096
Fim: 08-05-2017-16:11:36:984
8456770234692,9.41986,-2.53635,1.78149,1
8457012422192,9.49683,-2.51492,1.75214,1
8457052400220,9.48572,-2.41415,1.7688,1
8457052400220,0.0500488,-0.00823975,0.014389,4
8457082368481,9.42145,-2.42685,1.81561,1
8457082368481,0.0464783,0.00564575,0.0215149,4
8457112306226,9.37939,-2.4324,1.81085,1
8457142305005,9.43335,-2.45779,1.85211,1
8457142305005,0.0176392,0.00564575,-0.00553894,4
8457202241528,9.45319,-2.52682,1.82434,1
8457202241528,0.0197754,0.00421143,-0.0098114,4
8457292146314,9.31354,-2.57919,1.86163,1
8457292146314,0.0272522,-0.0285339,-0.0382996,4
8457322084058,0.0318909,-0.0299683,-0.0358124,4
8457352052319,9.4762,-2.66647,1.94574,1
8457382020581,9.50714,-2.67996,1.9751,1
8457382020581,0.0140839,-0.00682068,-0.000198364,4
8457411958325,0.00909424,0.00813293,0.0233002,4
8457441926587,9.78406,-2.70932,1.98303,1
8457441926587,-0.0179596,0.0159607,0.0510712,4
8457471894849,10.0324,-2.61093,2.03143,1
8457501863110,9.91895,-2.47446,2.133,1
8457501863110,0.120544,0.0170288,0.0186615,4
8457531831372,9.48254,-2.3721,2.02429,1
8457531831372,0.177856,0.0059967,-0.0101776,4
8457561769116,0.271149,-0.0306702,-0.0593109,4
8457591767896,8.75177,-2.37924,2.58685,1
8457621705640,8.82794,-2.7236,2.65668,1
8457621705640,0.385071,-0.0744629,-0.177155,4
8457651734937,9.16992,-2.84818,2.46466,1
8457651734937,0.374039,-0.0107422,-0.180359,4
8457711610425,10.0205,-2.77359,2.47656,1
8457711610425,0.2099,0.24704,-0.0190735,4
8457771516431,9.75391,-2.37766,2.32581,1
8457771516431,-0.012619,0.540405,0.247604,4
8457801484692,-0.117645,0.605209,0.319519,4
8457831452954,9.34924,-2.2515,1.76324,1
8457861390698,9.40399,-2.47128,2.03461,1
8457861390698,-0.058548,0.396927,0.16571,4
8457891389478,0.231979,0.241699,-0.0272675,4
8457921357739,8.79065,-2.27292,2.77014,1
8457921357739,0.432068,0.113876,-0.160416,4
8457951295483,0.494385,0.082901,-0.210617,4
8457981263745,8.49469,-1.86746,2.63605,1
8457981263745,0.371902,0.158737,-0.164337,4
8458011232007,8.76764,-1.88412,2.1925,1
8458071168530,9.4881,-2.25864,2.08459,1
8458071168530,-0.776321,0.279785,0.0190277,4
8458101106274,-0.925858,0.17868,0.0613861,4
8458131074536,9.09851,-2.64346,2.22583,1
8458191011060,0.10202,-0.371765,-0.0529022,4
8458220979321,8.35107,-2.35068,2.86377,1
8458250917065,8.73193,-2.38321,3.04071,1
8458250917065,0.34021,-0.508118,-0.21846,4
8458280885327,9.30243,-2.55539,3.02881,1
8458280885327,0.251923,-0.451874,-0.233414,4
8458310823071,0.146179,-0.337936,-0.186768,4
8458340821851,10.0911,-2.70377,3.32318,1
8458370759595,0.141541,-0.036377,0.0300598,4
8458400727856,9.71265,-2.4332,3.07642,1
8458400727856,0.112,0.167282,0.145767,4
8458430696118,9.3056,-2.39432,2.78204,1
8458430696118,-0.139374,0.308273,0.208435,4
8458460633862,9.19055,-2.42923,2.64636,1
8458460633862,-0.440933,0.347076,0.19989,4
8458490602124,9.00488,-2.41971,2.54004,1
8458520570386,-0.897018,0.300797,0.175674,4
8458550508130,9.18103,-2.89102,1.92511,1
8458580506909,9.00885,-3.04019,2.12347,1
8458580506909,-0.608627,0.0234375,0.058548,4
8458610444653,9.28973,-2.67203,2.28613,1
8458640412915,-0.25473,-0.172729,-0.015152,4
8458670381177,9.88403,-2.69186,2.19012,1
8458670381177,-0.304932,-0.183777,-0.0589447,4
8458700318921,9.5246,-2.68631,2.15839,1
8458760224927,9.50079,-2.67917,1.80133,1
8458760224927,-0.21698,-0.122177,-0.0778198,4
8458790223706,9.45477,-2.59427,1.73468,1
8458790223706,-0.16037,-0.158844,-0.159714,4
8458820161450,-0.149689,-0.259964,-0.290375,4
8458850129712,9.07867,-2.78549,2.02588,1
8458880097974,0.149734,-0.322983,-0.453079,4
8458910066235,8.76764,-2.51651,2.19965,1
8458969941724,9.7793,-2.16025,2.97644,1
8458969941724,0.0635681,-0.244293,-0.363358,4
8458999909985,9.9729,-2.51492,3.31842,1
8458999909985,-0.362961,-0.138916,-0.234833,4
8459029878247,9.50714,-2.73868,3.59296,1
8459029878247,-0.306702,-0.0210571,-0.118759,4
8459119752515,8.1051,-1.83096,2.77332,1
8459119752515,-0.152893,0.270172,0.19989,4
8459149720776,-0.0752869,0.159805,0.236923,4
8459179719556,9.49127,-2.19357,2.9931,1
8459179719556,0.0432739,0.0415955,0.225525,4
8459239625562,9.62775,-2.43002,2.18695,1
8459239625562,-0.11908,-0.0271149,0.204514,4
8459269593823,8.98584,-2.43082,2.05762,1
8459269593823,-0.136871,-0.0356598,0.256149,4
8459299531567,8.95013,-2.60458,1.90845,1
8459299531567,-0.0649567,-0.0548859,0.303497,4
8459329499829,9.38336,-2.59268,1.64899,1
8459329499829,0.105942,-0.0612946,0.270737,4
8459359468091,0.15686,-0.0370789,0.213058,4
8459389436353,9.05249,-2.41574,1.22687,1
8459389436353,0.042923,-0.0150146,0.185287,4
8459419404614,8.99298,-2.57523,0.972961,1
8459419404614,-0.0802612,-0.0644989,0.193832,4
8459449342358,9.33813,-2.86642,0.75238,1
8459449342358,-0.150055,-0.0869293,0.178879,4
8459479371655,9.72693,-3.05289,0.5802,1
8459539247144,9.55951,-3.26315,0.595276,1
8459539247144,-0.348358,-0.147461,-0.052536,4
8459569184888,9.86182,-3.27744,0.911865,1
8459569184888,-0.385391,-0.192322,-0.041153,4
8459629121411,9.59839,-3.41391,0.951538,1
8459629121411,-0.136169,-0.108643,-0.102737,4
8459659059155,9.26672,-3.28061,1.07452,1
8459659059155,-0.0165405,-0.0712585,-0.120193,4
8459689027417,9.53174,-3.25204,1.24908,1
8459689027417,-0.0140381,-0.0701904,-0.115921,4
8459718965161,10.088,-3.29648,1.24988,1
8459748933423,10.1356,-3.39249,1.2959,1
8459748933423,-0.24939,-0.0321045,-0.202789,4
8459778901685,9.90387,-3.43771,1.35858,1
8459778901685,-0.40889,-0.0730438,-0.183563,4
8459808839429,-0.289978,-0.125031,-0.0632172,4
8459838807690,9.0033,-3.0632,1.34271,1
8459838807690,-0.0699463,-0.189468,0.0891571,4
8459868745435,8.58594,-2.70297,0.987244,1
8459868745435,0.0735474,-0.235046,0.202026,4
8459898713696,8.53833,-2.49429,0.994385,1
8459898713696,0.0536041,-0.240387,0.173538,4
8459928681958,-0.0553436,-0.203003,0.0535583,4
8459958619702,9.73883,-2.19992,1.14197,1
8459958619702,-0.558777,-0.181274,-0.0244141,4
8459988587964,10.0046,-2.75851,0.157288,1
8459988587964,-1.33495,-0.175934,0.00904846,4
8460018556226,9.93402,-3.14572,-0.0855103,1
8460048493970,-1.05154,-0.175934,0.00834656,4
8460078462231,9.57617,-2.70377,0.846802,1
8460078462231,-0.660248,-0.1884,-0.0390167,4
8460108399976,9.46509,-2.15787,1.06104,1
8460108399976,-0.53421,-0.176651,-0.0963287,4
8460138368237,9.36511,-2.35782,0.87854,1
8460138368237,-0.549881,-0.125031,-0.132294,4
8460168336499,9.29846,-2.8688,0.476257,1
8460168336499,-0.34552,-0.0912018,-0.137985,4
8460198304761,9.52856,-2.31339,0.68573,1
8460198304761,0.134781,-0.0171509,-0.21489,4
8460228273022,0.0543213,0.0227356,-0.250137,4
8460258210767,9.68646,-3.14493,-0.110901,1
8460288179028,9.59918,-2.94736,-0.171204,1
8460288179028,-0.0375366,0.0198822,-0.170029,4
8460378053296,0.130859,-0.0677032,-0.014801,4
8460407991040,9.26355,-2.86166,0.1073,1
8460437959302,0.102386,-0.0741119,0.0179596,4
8460467927564,9.45874,-2.8815,0.115234,1
8460467927564,0.140121,-0.0726929,0.0147552,4
8460497865308,9.69916,-2.6022,0.444519,1
8460497865308,0.212402,-0.065567,0.00904846,4
8460557771314,9.68567,-2.30069,0.392944,1
8460557771314,0.0162201,-0.0321045,-0.00340271,4
8460587739575,9.67456,-2.13882,0.49054,1
8460587739575,0.0771027,-0.0256958,-0.0436401,4
8460647645581,9.64996,-2.45541,0.203308,1
8460647645581,0.0550232,-0.0146484,-0.0927734,4
8460677583325,9.62695,-2.68393,0.147766,1
8460677583325,0.032959,-0.0221252,-0.108444,4
8460707551587,9.56586,-2.76328,0.145386,1
8460707551587,0.0447083,-0.0239105,-0.11235,4
8460737519849,0.0204926,-0.027832,-0.112,4
8460767457593,9.53967,-2.79105,0.076355,1
8460767457593,-0.0542755,-0.0456238,-0.0728302,4
8460797425855,9.45319,-2.64981,0.039856,1
8460797425855,0.0393677,-0.0588074,-0.0600128,4
8460827363599,9.52539,-2.64505,0.0866699,1
8460857331860,9.4754,-2.61887,-0.0204468,1
8460857331860,0.105942,-0.0698395,-0.0272675,4
8460887300122,9.44287,-2.53555,-0.0799561,1
8460887300122,0.126587,-0.0570221,-0.0101776,4
8460917237866,0.228424,-0.0538177,-0.0265503,4
8460947206128,9.26672,-2.28641,0.0406494,1
8460947206128,0.192108,-0.0673523,-0.0261993,4
8460977143872,9.24451,-2.30386,0.0216064,1
8460977143872,0.144043,-0.0669861,-0.0354462,4
8461037049878,9.73248,-2.37051,-0.0759888,1
8461037049878,0.0600128,-0.0328064,-0.0294037,4
8461067018140,9.92212,-2.38559,-0.0561523,1
8461067018140,-0.0332642,-0.027832,-0.0297546,4
8461096955884,-0.0656738,-0.0214233,-0.0119476,4
8461126924146,9.7309,-2.19992,0.0755615,1
8461126924146,-0.00621033,-0.019989,-0.0222778,4
8461156861890,9.61902,-2.17691,0.223938,1
8461156861890,-0.0489349,-0.0253296,-0.0322418,4
8461216798413,9.5722,-2.42606,0.205688,1
8461216798413,-0.0168915,-0.0438538,-0.0792389,4
8461246736157,0.0917053,-0.0531006,-0.088501,4
8461276704419,9.7666,-2.58157,0.207275,1
8461306703198,0.224854,-0.0598755,-0.123749,4
8461336610425,9.78882,-2.59189,0.0692139,1
8461336610425,0.220947,-0.0164337,-0.131943,4
8461366578687,9.63885,-2.23245,0.00256348,1
8461366578687,0.181427,0.0305634,-0.113068,4
8461396516431,9.37067,-2.10233,-0.00775146,1
8461426484692,-0.211288,0.0836182,-0.0358124,4
8461456422437,9.32385,-2.22293,-0.145813,1
8461456422437,-0.330566,0.064743,-0.0322418,4
8461516358960,9.15802,-2.2991,0.246155,1
8461516358960,-0.21698,-0.0961914,-0.107727,4
8461546319918,9.18976,-2.51334,0.401672,1
8461546319918,-0.149338,-0.175934,-0.151871,4
8461606225924,9.41431,-2.58237,0.778564,1
8461606225924,-0.0222321,-0.238251,-0.243378,4
8461636194185,9.51587,-2.91403,0.507202,1
8461636194185,0.0212097,-0.268509,-0.277908,4
8461666162447,9.59442,-2.75296,0.523071,1
8461666162447,0.309601,-0.286667,-0.327408,4
8461696100191,9.63568,-2.67838,0.868225,1
8461696100191,0.437775,-0.273132,-0.339859,4
8461726068453,9.48572,-2.74344,0.872986,1
8461786004976,0.258682,-0.0680542,-0.255127,4
8461815942720,8.89539,-2.27927,0.357239,1
8461815942720,0.0746155,-0.00753784,-0.214539,4
8461845910982,9.05328,-2.2626,0.369141,1
8461845910982,-0.00300598,-0.0043335,-0.16362,4
8461875879244,8.89221,-2.01187,0.36676,1
8461905816988,-0.113373,0.144135,-0.10025,4
8461935785250,8.07495,-2.10471,0.518311,1
8461935785250,-0.202744,0.1922,-0.104172,4
8461965753511,8.2027,-2.01981,0.548462,1
8461965753511,-0.156464,0.147705,-0.130875,4
8461995691256,8.09875,-1.827,0.518311,1
8461995691256,0.00909424,0.12207,-0.114136,4
8462025659517,7.81708,-1.69608,0.599243,1
8462025659517,0.297852,0.0882416,-0.222015,4
8462055597261,6.92206,-2.18881,0.154907,1
8462055597261,0.648544,0.0238037,-0.273636,4
8462085565523,1.14273,-0.177719,-0.267227,4
8462115503267,5.43671,-0.395599,1.40698,1
8462115503267,1.32501,-0.0741119,-0.108795,4
8462145471529,4.3457,-0.286896,2.46704,1
8462145471529,1.4151,0.38945,-0.273636,4
8462175409273,3.32611,-1.04068,2.82648,1
8462175409273,0.184982,0.554657,-0.283615,4
8462205377535,5.67395,-7.22012,3.88257,1
8462205377535,-0.592255,0.260559,-0.0820923,4
8462265283541,4.72021,-1.64688,6.25977,1
8462265283541,1.9075,2.32309,0.592239,4
8462295251802,-0.972839,-1.30569,3.31445,1
8462295251802,1.0231,1.84351,0.050354,4
8462325189547,6.84985,-11.1787,6.35895,1
8462325189547,-0.136169,0.358826,0.654556,4
8462355127291,14.1378,-18.8816,12.348,1
8462355127291,2.84708,0.522247,0.321655,4
8462385095552,19.5563,-16.2743,8.94006,1
8462385095552,-1.13307,-2.93951,-0.118057,4
8462415063814,12.3961,-8.00565,4.84106,1
8462415063814,2.668,0.119934,3.62534,4
8462445001558,-0.160339,4.06918,9.01465,1
8462474969820,-19.3854,18.9935,-3.32123,1
8462474969820,8.5939,6.37268,3.01331,4
8462504907564,-3.11755,18.8557,-11.9731,1
8462534906343,19.5563,-0.347992,-19.5325,1
8462534906343,-4.99324,-2.14198,-4.14307,4
8462564844088,19.5563,-15.4856,-12.1784,1
8462564844088,-8.13315,-0.734558,0.487213,4
8462624750093,-15.1642,-16.1965,4.49908,1
8462624750093,-1.00739,0.0907288,-1.46103,4
8462654687838,13.6752,5.89175,-4.27814,1
8462654687838,0.505417,-6.64908,-4.51157,4
8462684656099,17.1553,18.378,19.4669,1
8462684656099,0.610092,-7.60291,1.13129,4
8462714624361,-0.232544,-9.60764,1.23639,1
8462714624361,-1.66286,-3.14316,2.27203,4
8462744562105,4.4187,-10.7391,-19.1368,1
8462744562105,1.08434,-2.04123,0.0937958,4
8462774530367,-0.728973,-0.849564,-0.752518,4
8462804468111,10.0451,-1.33664,2.81219,1
8462804468111,-2.4586,1.33936,-1.02345,4
8462834436373,4.18542,-7.13126,-8.89288,1
8462834436373,-3.55164,2.17355,-0.772446,4
8462864404635,11.8677,-3.83762,3.99603,1
8462894342379,13.7704,-1.78018,9.35822,1
8462894342379,-0.268616,0.512283,-0.720108,4
8462924310640,10.9433,-0.415436,-0.791687,1
8462924310640,-0.890259,0.390518,-0.179642,4
8462954217867,8.79224,-1.70163,-2.68091,1
8462954217867,0.0133667,-0.729935,0.293533,4
8462984186129,8.13129,0.208221,-1.6875,1
8463014154390,7.62347,-1.43185,-6.6228,1
8463014154390,0.521088,-1.01904,0.281784,4
8463044092135,11.563,-5.00241,-3.78223,1
8463103967623,8.09241,-4.45969,-5.51831,1
8463103967623,-0.464081,0.169418,0.415649,4
8463133996920,0.0760345,0.231369,0.129044,4
8463163904146,11.6804,-3.86459,0.0374756,1
8463163904146,-0.624649,0.657898,0.241898,4
8463193841890,13.3268,-3.91141,-3.01099,1
8463193841890,-1.65359,0.570312,-0.0909882,4
8463223810152,12.7397,0.705719,-4.83752,1
8463223810152,-2.25566,0.480591,-0.766037,4
8463253717379,12.3128,5.01816,-4.47174,1
8463313623385,8.06781,1.62375,-5.64447,1
8463313623385,-0.983887,-0.917572,-2.96245,4
8463343561129,-1.00169,-1.81087,-4.28584,4
8463373529390,7.51556,4.53177,-6.63708,1
8463373529390,-2.21542,-2.53505,-4.22958,4
8463403497652,6.00323,0.706512,-7.44244,1
8463433435396,5.28198,2.14426,-3.60449,1
8463433435396,0.725098,-3.27774,-4.76364,4
8463463403658,7.60046,-1.53818,-2.35004,1
8463463403658,1.52512,-3.8848,-3.59299,4
8463493341402,5.159,-2.84579,-3.85205,1
8463523309664,3.02582,-3.97452,-2.03853,4
8463553247408,4.45361,0.256622,-3.69098,1
8463553247408,2.39136,-3.13747,-1.08257,4
8463583215670,5.6438,-0.968475,-2.93878,1
8463643060640,3.96405,-2.52841,-0.178345,1
8463643060640,4.11778,-1.32381,0.733597,4
8463673028902,6.28729,-1.75558,0.458801,1
8463673028902,5.08443,-0.368561,1.0818,4
8463702997164,6.57135,1.3627,-0.387024,1
8463702997164,4.98474,1.15778,1.29364,4
8463732934908,4.31476,14.8997,-19.5325,1
8463732934908,-2.6879,1.89229,0.705109,4
8463792779879,2.88971,-4.24863,-19.1535,1
8463792779879,2.7417,-2.14767,0.39357,4
8463822748140,2.14391,-1.25473,0.341949,4
8463852716402,0.497437,-2.4205,-8.65009,1
8463852716402,2.95319,-0.634872,0.588333,4
8463882654146,0.676758,-2.8688,-3.4942,1
8463882654146,3.01015,-0.284882,0.403183,4
8463912591890,-1.29974,-2.60062,-1.72797,1
8463912591890,0.814819,0.136307,0.032196,4
8463942529635,-1.14502,-3.17825,-5.13745,1
8463972497896,0.652954,-3.48453,-9.67682,1
8463972497896,-2.02922,0.39621,-0.202438,4
8464002435640,-1.37091,0.120285,-0.0667877,4
8464032373385,0.714844,-3.01718,-11.6922,1
8464092279390,0.232422,-3.3909,-8.9873,1
8464092279390,0.849701,-0.280609,-0.00447083,4
8464182123140,0.368103,-3.58926,-9.05951,1
8464182123140,-0.383606,0.136658,0.00621033,4
8464301904635,0.446655,-3.12112,-9.04999,1
8464301904635,0.0585938,0.000305176,-0.0208588,4
8464391748385,0.339539,-3.19888,-9.21741,1
8464391748385,-0.0923767,-0.0449219,0.0012207,4