1509316213729,0.28955078,1.9339905,9.707336,1
1509316213730,-0.0033721924,0.16386414,-0.024124146,4
1509316213746,0.3609619,2.3767395,9.852539,1
1509316213746,0.013717651,0.030349731,-0.024124146,4
1509316213765,0.76086426,2.2267761,9.743042,1
1509316213766,-0.0460968,0.051712036,-0.046554565,4
1509316213785,0.37524414,2.117279,9.47406,1
1509316213786,-0.048233032,0.112594604,-0.0700531,4
1509316213809,0.45617676,2.0006409,9.431213,1
1509316213809,-0.022598267,0.055984497,-0.085006714,4
1509316213825,0.4609375,2.1077576,9.424072,1
1509316213826,-0.0076446533,0.047439575,-0.07966614,4
1509316213846,0.41809082,2.033966,9.459778,1
1509316213847,-0.042892456,0.035690308,-0.068984985,4
1509316213865,0.52996826,1.9482727,9.566895,1
1509316213866,-0.049301147,0.011123657,-0.06791687,4
1509316213885,0.5204468,1.8459167,9.557373,1
1509316213885,-0.034347534,0.022872925,-0.068984985,4
1509316213904,0.52996826,1.8340149,9.60498,1
1509316213906,-0.006576538,0.017532349,-0.04975891,4
1509316213925,0.4942627,1.9173279,9.552612,1
1509316213926,-0.0023040771,0.005783081,-0.028396606,4
1509316213944,0.41571045,1.8482971,9.495483,1
1509316213945,-0.025802612,0.017532349,-0.017715454,4
1509316213965,0.4537964,1.8125916,9.581177,1
1509316213967,-0.006576538,0.0079193115,-0.012374878,4
1509316213984,0.43475342,1.8530579,9.652588,1
1509316213985,0.019058228,-0.012374878,0.0025787354,4
1509316214004,0.48712158,2.0387268,9.488342,1
1509316214005,-0.016189575,-0.02519226,0.004714966,4
1509316214024,0.46331787,2.0173035,9.445496,1
1509316214024,-0.07600403,-0.033737183,-0.0048980713,4
1509316214045,0.5751953,1.9863586,9.421692,1
1509316214045,-0.05570984,-0.03907776,-0.0027618408,4
1509316214063,0.5704346,1.9720764,9.516907,1
1509316214064,-0.008712769,-0.0209198,-0.003829956,4
1509316214084,0.49902344,1.9363708,9.550232,1
1509316214085,-0.005508423,-0.012374878,-0.013442993,4
1509316214104,0.45617676,2.0577698,9.593079,1
1509316214105,-0.026870728,-0.019851685,-0.027328491,4
1509316214123,0.4371338,2.0363464,9.509766,1
1509316214124,-0.085617065,-0.027328491,-0.044418335,4
1509316214143,0.5513916,1.9125671,9.493103,1
1509316214144,-0.087753296,-0.033737183,-0.052963257,4
1509316214164,0.53948975,1.905426,9.652588,1
1509316214164,-0.05570984,-0.034805298,-0.04762268,4
1509316214183,0.5847168,1.8102112,9.66687,1
1509316214185,-0.040756226,-0.038009644,-0.04548645,4
1509316214203,0.55615234,1.8982849,9.619263,1
1509316214204,-0.040756226,-0.032669067,-0.042282104,4
1509316214223,0.49902344,1.8482971,9.628784,1
1509316214224,-0.079208374,-0.02305603,-0.044418335,4
1509316214243,0.5275879,1.9006653,9.576416,1
1509316214243,-0.07707214,-0.032669067,-0.038009644,4
1509316214262,0.5204468,1.969696,9.495483,1
1509316214263,-0.050369263,-0.033737183,-0.04121399,4
1509316214283,0.5704346,1.9720764,9.421692,1
1509316214283,-0.061050415,-0.035873413,-0.058303833,4
1509316214302,0.5847168,2.0054016,9.450256,1
1509316214304,-0.08454895,-0.042282104,-0.07859802,4
1509316214323,0.6013794,2.0196838,9.462158,1
1509316214324,-0.13795471,-0.05189514,-0.10636902,4
1509316214342,0.682312,1.9506531,9.424072,1
1509316214343,-0.19563293,-0.07218933,-0.13414001,4
1509316214362,0.83465576,1.8363953,9.428833,1
1509316214364,-0.22554016,-0.07646179,-0.15977478,4
1509316214382,0.996521,1.8506775,9.309814,1
1509316214383,-0.25758362,-0.07752991,-0.19822693,4
1509316214402,1.1226807,1.9125671,9.136047,1
1509316214404,-0.39216614,-0.09034729,-0.2665863,4
1509316214422,1.329773,1.8982849,8.724243,1
1509316214422,-0.58335876,-0.095687866,-0.36698914,4
1509316214442,1.2821655,1.7887878,8.360046,1
1509316214443,-0.789505,-0.071121216,-0.48768616,4
1509316214461,1.355957,1.0865784,8.036316,1
1509316214462,-0.82048035,-0.055099487,-0.6105194,4
1509316214481,1.375,1.0603943,8.164856,1
1509316214482,-0.7328949,-0.026260376,-0.70558167,4
1509316214501,1.2393188,1.3484192,8.086304,1
1509316214502,-0.98176575,-0.031600952,-0.8487091,4
1509316214521,1.3059692,1.1746521,7.812561,1
1509316214522,-1.5104828,-0.10423279,-1.0025177,4
1509316214541,1.4011841,0.2534485,7.5531006,1
1509316214542,-1.8202362,-0.17579651,-1.1285553,4
1509316214561,1.5130615,-0.14883423,7.5983276,1
1509316214563,-1.6813812,-0.23347473,-1.1873016,4
1509316214580,1.6035156,-0.2511902,7.9053955,1
1509316214581,-1.4837799,-0.21852112,-1.2396393,4
1509316214600,1.5749512,0.0058898926,8.022034,1
1509316214601,-1.6322479,-0.24095154,-1.3731537,4
1509316214620,1.5630493,-0.010772705,7.99823,1
1509316214621,-2.0552216,-0.3360138,-1.5290985,4
1509316214641,1.7749023,-0.59158325,7.9958496,1
1509316214642,-2.4963531,-0.4278717,-1.699997,4
1509316214660,2.0843506,-1.289032,7.8911133,1
1509316214661,-2.7900848,-0.50904846,-1.9093475,4
1509316214680,2.4604492,-2.155487,7.8482666,1
1509316214680,-2.745224,-0.5122528,-2.0973358,4
1509316214699,2.4628296,-2.7505798,8.100586,1
1509316214700,-2.4781952,-0.46739197,-2.2340546,4
1509316214719,2.3652344,-2.6720276,8.217224,1
1509316214720,-2.3222504,-0.46846008,-2.3291168,4
1509316214739,2.536621,-2.7672424,8.533813,1
1509316214740,-2.43013,-0.5827484,-2.4530182,4
1509316214759,3.0150757,-3.4242249,9.078918,1
1509316214760,-2.5818024,-0.71839905,-2.6196442,4
1509316214779,3.607788,-4.3335266,8.917053,1
1509316214780,-2.6095734,-0.69169617,-2.7745209,4
1509316214799,3.6315918,-4.8072205,8.569519,1
1509316214800,-2.5454865,-0.5111847,-2.8364716,4
1509316214819,3.5316162,-4.616791,8.293396,1
1509316214819,-2.5914154,-0.43748474,-2.8941498,4
1509316214839,3.664917,-4.302582,7.8149414,1
1509316214839,-2.8798065,-0.41078186,-2.9400787,4
1509316214859,3.7149048,-4.452545,7.407898,1
1509316214859,-3.2397614,-0.38194275,-3.0287323,4
1509316214878,4.152893,-4.9738464,6.8389893,1
1509316214879,-3.5666046,-0.44389343,-3.1675873,4
1509316214898,4.9074707,-5.4308777,6.0010986,1
1509316214899,-3.7535248,-0.42253113,-3.2786713,4
1509316214918,5.5168457,-6.7972107,5.9677734,1
1509316214919,-3.8464508,-0.29542542,-3.332077,4
1509316214938,6.385681,-7.1875916,5.227478,1
1509316214939,-3.8977203,-0.20783997,-3.2829437,4
1509316214958,6.230957,-6.992401,4.4990845,1
1509316214958,-3.9425812,0.035690308,-3.2188568,4
1509316214979,5.8429565,-6.6044006,4.3062744,1
1509316214979,-4.035507,0.090164185,-3.136612,4
1509316214998,6.0619507,-6.7496033,4.21344,1
1509316214998,-4.0205536,-0.034805298,-3.108841,4
1509316215018,6.5499268,-6.9376526,3.6016846,1
1509316215018,-3.811203,-0.21211243,-3.091751,4
1509316215038,7.3425903,-7.696991,3.4041138,1
1509316215038,-3.3401642,-0.3296051,-3.165451,4
1509316215057,7.713928,-7.477997,3.1732178,1
1509316215058,-2.717453,-0.4705963,-3.1622467,4
1509316215077,8.256653,-7.666046,2.918518,1
1509316215078,-2.1396027,-0.6030426,-3.165451,4
1509316215097,8.796997,-7.0019226,2.873291,1
1509316215098,-1.4624176,-0.7418976,-3.0928192,4
1509316215125,9.375427,-6.92099,2.9018555,1
1509316215126,-0.8397064,-0.81773376,-2.9304657,4
1509316215138,9.882446,-7.17807,2.9923096,1
1509316215138,-0.18815613,-0.80918884,-2.785202,4
1509316215157,10.106201,-7.0447693,3.2755737,1
1509316215158,0.32667542,-0.83161926,-2.6442108,4
1509316215187,10.287109,-6.6091614,3.2089233,1
1509316215187,0.5584564,-0.89997864,-2.4391327,4
1509316215198,10.584656,-6.2187805,3.4493408,1
1509316215198,0.5723419,-0.847641,-2.1934662,4
1509316215216,10.520386,-6.0759583,3.5897827,1
1509316215217,0.4313507,-0.7568512,-1.8826447,4
1509316215236,10.413269,-6.2497253,3.675476,1
1509316215237,0.1995697,-0.65538025,-1.5579376,4
1509316215257,10.299011,-6.299713,3.7302246,1
1509316215258,0.019058228,-0.5688629,-1.2620697,4
1509316215276,10.196655,-6.1616516,3.6992798,1
1509316215277,-0.11445618,-0.5314789,-1.0046539,4
1509316215325,10.237122,-6.118805,3.6397705,1
1509316215325,-0.20204163,-0.5624542,-0.79530334,4
1509316215326,10.479919,-5.83078,3.4231567,1
1509316215327,-0.20845032,-0.61906433,-0.6169281,4
1509316215336,11.046448,-5.7070007,3.1922607,1
1509316215337,-0.17640686,-0.5806122,-0.43855286,4
1509316215356,11.924805,-5.864105,3.2827148,1
1509316215357,-0.1443634,-0.50904846,-0.29328918,4
1509316215388,12.048584,-5.6784363,3.3184204,1
1509316215389,-0.25224304,-0.41184998,-0.12452698,4
1509316215395,11.632019,-5.226166,3.0161133,1
1509316215396,-0.6015167,-0.36805725,0.08268738,4
1509316215417,11.25116,-4.3906555,2.0853882,1
1509316215418,-1.0362396,-0.4278717,0.2952423,4
1509316215435,10.93219,-3.8265076,1.2498779,1
1509316215436,-1.225296,-0.3231964,0.5697479,4
1509316215455,10.475159,-4.6286926,1.2260742,1
1509316215455,-1.1078033,-0.027328491,0.848526,4
1509316215488,9.52301,-5.078583,1.3998413,1
1509316215489,-0.7200775,0.15531921,1.0386505,4
1509316215495,8.56134,-4.728668,1.3736572,1
1509316215498,-0.30244446,0.24076843,1.1572113,4
1509316215515,8.051941,-4.157379,1.1975098,1
1509316215515,0.0382843,0.21833801,1.2362518,4
1509316215535,8.0043335,-3.6575012,1.0046997,1
1509316215535,0.276474,0.12861633,1.2789764,4
1509316215554,8.632751,-3.4408875,1.0499268,1
1509316215555,0.46980286,0.036758423,1.2212982,4
1509316215574,9.692017,-3.5575256,1.128479,1
1509316215575,0.6278839,0.016464233,1.0941925,4
1509316215594,10.16333,-3.3837585,0.8737793,1
1509316215595,0.6609955,0.20231628,0.9895172,4
1509316215614,9.808655,-3.0481262,0.48339844,1
1509316215614,0.4719391,0.5259552,0.9329071,4
1509316215635,9.154053,-2.7481995,0.11682129,1
1509316215636,0.046829224,0.74705505,0.9243622,4
1509316215656,8.335205,-2.7910461,-0.023620605,1
1509316215657,-0.41352844,0.87950134,0.90727234,4
1509316215675,7.3687744,-3.2933044,-0.32354736,1
1509316215676,-0.6752167,0.9532013,0.8624115,4
1509316215695,6.95697,-4.4549255,-0.9971924,1
1509316215696,-0.39537048,0.8132782,0.66160583,4
1509316215715,6.8950806,-4.528717,-0.91625977,1
1509316215716,0.34376526,0.5622711,0.50779724,4
1509316215735,7.3449707,-4.497772,-0.81866455,1
1509316215736,0.9707489,0.36680603,0.31340027,4
1509316215753,7.859131,-4.5120544,-0.5830078,1
1509316215754,1.4044037,0.18309021,0.17027283,4
1509316215774,8.116211,-5.1095276,-0.321167,1
1509316215775,1.592392,0.028213501,0.059188843,4
1509316215795,8.794617,-6.2044983,-0.49493408,1
1509316215796,1.7194977,-0.23240662,0.004714966,4
1509316215814,9.782471,-6.504425,-0.7091675,1
1509316215815,1.9950714,-0.43962097,0.07307434,4
1509316215834,10.858398,-6.356842,-0.17834473,1
1509316215835,2.2375336,-0.50157166,0.20445251,4
1509316215854,11.753418,-7.0019226,0.5786133,1
1509316215856,2.158493,-0.59129333,0.44584656,4
1509316215874,12.627014,-8.049286,0.92614746,1
1509316215875,1.6425934,-0.71733093,0.76200867,4
1509316215894,12.746033,-7.166168,0.87854004,1
1509316215895,1.1320343,-0.736557,1.1956635,4
1509316215914,12.47229,-7.0709534,0.6357422,1
1509316215915,0.674881,-0.7376251,1.5278473,4
1509316215934,11.941467,-7.518463,0.3143921,1
1509316215935,0.6535187,-0.7130585,1.7532196,4
1509316215952,12.5651245,-8.637238,1.0475464,1
1509316215953,0.98890686,-0.7707367,1.6891327,4
1509316215973,13.250671,-8.722931,1.3379517,1
1509316215974,1.1533966,-0.87327576,1.6357269,4
1509316215991,10.639404,-7.0852356,1.3998413,1
1509316215993,1.1971893,-0.37553406,1.7115631,4
1509316216011,7.7091675,-6.561554,2.4210205,1
1509316216012,1.138443,-0.17259216,1.8536224,4
1509316216032,6.038147,-6.882904,3.2684326,1
1509316216032,1.1715546,-0.4001007,1.9999542,4
1509316216051,4.6289673,-6.9566956,4.206299,1
1509316216052,1.713089,-0.64042664,2.1986237,4
1509316216071,3.4768677,-6.4544373,4.622864,1
1509316216072,2.3934784,-0.8561859,2.3449554,4
1509316216093,3.3816528,-6.073578,5.3131714,1
1509316216094,2.5045624,-1.2054596,2.3545685,4
1509316216111,2.741333,-8.1302185,6.305786,1
1509316216112,2.3731842,-1.1787567,2.2520294,4
1509316216131,2.586609,-10.724823,5.11084,1
1509316216132,2.6743927,-0.8412323,2.0982208,4
1509316216153,1.5154419,-11.110443,4.2229614,1
1509316216153,2.9894867,-0.39369202,2.3513641,4
1509316216172,-0.37695312,-9.0347595,4.3634033,1
1509316216173,2.528061,0.096572876,2.693161,4
1509316216192,-2.6811523,-9.832184,3.4683838,1
1509316216193,1.4620819,0.24076843,2.962326,4
1509316216212,-3.250061,-11.169952,1.083252,1
1509316216213,1.3616791,-0.085006714,3.1043854,4
1509316216230,-3.4714355,-11.512726,-0.85198975,1
1509316216231,1.3723602,-0.29756165,3.462204,4
1509316216252,-2.845398,-12.205414,-3.4465942,1
1509316216252,0.84791565,-0.25590515,3.5423126,4
1509316216271,-2.0265503,-12.355377,-6.2316284,1
1509316216272,0.43669128,-0.7429657,3.6790314,4
1509316216291,-0.12939453,-11.945953,-7.305176,1
1509316216293,0.78382874,-1.8196259,4.249405,4
1509316216310,0.829895,-9.22995,-9.733154,1
1509316216311,0.916275,-2.607895,5.0803986,4
1509316216331,1.8034668,-6.27829,-10.766235,1
1509316216331,0.50505066,-3.0020294,5.4499664,4
1509316216350,3.2911987,-6.2164,-11.225647,1
1509316216350,-0.33662415,-3.82341,5.4788055,4
1509316216371,5.621582,-6.433014,-11.399414,1
1509316216372,-0.7905731,-4.915024,5.435013,4
1509316216391,8.251892,-6.575836,-10.654358,1
1509316216392,-0.81407166,-5.5067596,5.416855,4
1509316216410,9.90387,-6.606781,-8.433472,1
1509316216411,-0.82048035,-5.362564,5.484146,4
1509316216431,10.16571,-5.599884,-8.700073,1
1509316216432,-1.1548004,-4.7654877,5.306839,4
1509316216451,10.134766,-6.849579,-7.857422,1
1509316216452,-1.3972626,-4.229294,4.8966827,4
1509316216470,11.263062,-8.311127,-6.9171753,1
1509316216471,-1.6568146,-4.353195,4.5153656,4
1509316216489,12.572266,-7.8659973,-3.515625,1
1509316216490,-1.494461,-4.064804,4.175705,4
1509316216510,11.227356,-6.028351,-0.8329468,1
1509316216511,-1.1035309,-3.3000336,3.8723602,4
1509316216530,8.632751,-5.2428284,2.4591064,1
1509316216531,-0.44450378,-2.5598297,3.9375153,4
1509316216550,6.6951294,-5.8212585,6.07489,1
1509316216551,-0.18708801,-2.181717,3.9246979,4
1509316216570,6.533264,-5.9736023,6.5438232,1
1509316216571,-0.33769226,-2.2885284,3.238968,4
1509316216590,11.103577,-2.841034,8.105347,1
1509316216590,0.8500519,-2.785202,2.6215973,4
1509316216610,12.574646,5.2760315,5.5131226,1
1509316216611,2.1531525,-1.2620697,2.1601715,4
1509316216630,6.235718,7.5516663,5.786865,1
1509316216631,1.110672,1.766037,1.0311737,4
1509316216649,6.961731,1.4317322,11.037964,1
1509316216650,-0.17427063,2.1943512,-0.51652527,4
1509316216668,-0.62213135,-4.6215515,6.793762,1
1509316216669,-1.484848,3.813614,-0.04762268,4
1509316216689,-19.44313,-18.103973,-5.6936646,1
1509316216690,0.11091614,7.0275726,1.3313141,4
1509316216709,-17.760803,-0.42495728,-6.43396,1
1509316216709,1.2826385,2.675003,2.573532,4
1509316216729,-19.44313,11.93869,-11.294678,1
1509316216730,0.3256073,2.5649872,3.9236298,4
1509316216748,-19.44313,10.9079895,-19.532547,1
1509316216749,-2.3147736,3.879837,1.1999359,4
1509316216769,-19.44313,-20.00589,-19.532547,1
1509316216769,-10.249802,5.484146,-5.3465424,4
1509316216788,-19.44313,-20.00589,4.8132935,1
1509316216789,-2.8338776,4.8774567,-9.006973,4
1509316216807,19.556274,-20.00589,-19.532547,1
1509316216808,-6.1706696,-2.2671661,-3.0052338,4
1509316216828,5.6834717,-6.4353943,-16.350586,1
1509316216829,-6.054245,-0.7835541,6.5458527,4
1509316216846,-8.893921,-1.4056702,-11.297058,1
1509316216847,-9.137894,3.148178,7.0243683,4
1509316216866,-19.44313,-16.297272,-4.458252,1
1509316216867,-8.360306,1.0236969,2.5201263,4
1509316216887,-5.7875366,-14.973785,3.8087769,1
1509316216888,-1.9548187,-3.452774,1.2714996,4
1509316216906,-0.78637695,-5.2880554,0.26678467,1
1509316216907,0.712265,-2.5021515,0.6797638,4
1509316216926,-2.0265503,-0.098846436,-2.2349854,1
1509316216927,0.962204,0.27067566,1.6720428,4
1509316216946,-3.9141846,2.0006409,-1.1281128,1
1509316216947,0.41319275,0.8816376,2.117447,4
1509316216966,-2.800171,3.3407898,-3.1157227,1
1509316216966,-1.086441,0.57188416,1.478714,4
1509316216986,-2.3788452,2.540985,-5.85553,1
1509316216987,-2.16951,1.042923,1.2917938,4
1509316217006,-4.4331055,2.450531,-5.291382,1
1509316217006,-1.7700348,1.6303864,1.3879242,4
1509316217025,-6.4349976,3.8692322,-3.913147,1
1509316217026,-0.97428894,1.2789764,1.070694,4
1509316217046,-6.149353,2.3005676,-4.44635,1
1509316217047,-1.2167511,0.5537262,0.6017914,4
1509316217066,-5.316223,0.61764526,-6.11261,1
1509316217066,-1.0202179,0.44691467,0.38710022,4
1509316217086,-6.5563965,0.95565796,-6.1935425,1
1509316217088,-0.26612854,0.6872406,0.5622711,4
1509316217106,-8.325012,1.1722717,-6.067383,1
1509316217107,-0.11231995,0.6530609,0.75453186,4
1509316217126,-8.972473,0.13442993,-7.493225,1
1509316217127,-0.43702698,0.3155365,0.78123474,4
1509316217148,-8.317871,-0.017913818,-6.955261,1
1509316217150,-0.43382263,0.032485962,0.67762756,4
1509316217164,-7.213379,0.25820923,-6.074524,1
1509316217166,-0.4519806,-0.23561096,0.7011261,4
1509316217185,-6.277893,0.14157104,-5.979309,1
1509316217186,-0.4872284,-0.40116882,0.7588043,4
1509316217205,-6.444519,0.83425903,-5.8602905,1
1509316217206,-0.38789368,-0.22279358,0.7993927,4
1509316217226,-7.318115,1.5126648,-5.234253,1
1509316217227,-0.4380951,-0.029464722,0.67015076,4
1509316217245,-7.3966675,1.1056213,-4.9747925,1
1509316217246,-0.4797516,-0.13734436,0.46400452,4
1509316217264,-6.894409,1.4412537,-4.1987915,1
1509316217264,-0.270401,-0.17579651,0.2866974,4
1509316217285,-6.9229736,2.1410828,-3.6798706,1
1509316217288,-0.12940979,0.012191772,0.22154236,4
1509316217305,-7.4157104,2.5576477,-3.3609009,1
1509316217306,-0.1999054,0.24076843,0.1478424,4
1509316217325,-7.9227295,2.450531,-3.3251953,1
1509316217326,-0.28749084,0.40846252,0.041030884,4
1509316217343,-8.003662,1.1746521,-3.7941284,1
1509316217344,-0.16038513,0.5526581,-0.04548645,4
1509316217363,-7.8013306,1.1246643,-4.3011475,1
1509316217364,0.35017395,0.6605377,-0.095687866,4
1509316217385,-7.3204956,1.6602478,-4.2511597,1
1509316217387,0.72935486,0.80152893,-0.19181824,4
1509316217405,-6.744446,1.3412781,-4.2368774,1
1509316217406,0.6684723,0.97242737,-0.31678772,4
1509316217424,-6.1017456,0.22250366,-4.8771973,1
1509316217425,0.5221405,1.1401215,-0.4556427,4
1509316217445,-5.732788,-0.16073608,-4.643921,1
1509316217446,0.563797,1.377243,-0.55070496,4
1509316217464,-5.373352,-0.92959595,-4.0821533,1
1509316217465,0.35658264,1.5908661,-0.57740784,4
1509316217484,-4.7615967,-2.4149475,-4.4106445,1
1509316217486,0.0041046143,1.692337,-0.5453644,4
1509316217503,-4.290283,-2.6029968,-5.6984253,1
1509316217505,-0.1582489,1.9080963,-0.4898224,4
1509316217522,-4.5116577,-2.0436096,-7.440857,1
1509316217523,-0.1507721,2.2157135,-0.29969788,4
1509316217542,-4.5735474,-2.6006165,-9.395142,1
1509316217543,-0.4113922,2.3267975,-0.1330719,4
1509316217564,-4.249817,-2.2245178,-10.909058,1
1509316217565,-0.13795471,2.145218,0.14463806,4
1509316217583,-3.738037,-0.120269775,-11.339905,1
1509316217585,0.06925964,1.9059601,0.3924408,4
1509316217603,-3.4595337,1.1603699,-10.823364,1
1509316217604,-0.51927185,1.9080963,0.4842987,4
1509316217622,-3.5618896,0.75094604,-11.50177,1
1509316217623,-1.0618744,1.7639008,0.49604797,4
1509316217644,-3.6071167,1.6174011,-11.11853,1
1509316217645,-1.3662872,1.3152924,0.44050598,4
1509316217661,-3.1191406,1.9601746,-12.791931,1
1509316217662,-1.8362579,0.7919159,0.32087708,4
1509316217682,-2.6168823,3.4360046,-12.844299,1
1509316217684,-1.9174347,0.50779724,0.2450409,4
1509316217701,-2.8025513,4.354828,-12.734802,1
1509316217702,-2.291275,0.43089294,0.08589172,4
1509316217721,-2.9906006,4.4619446,-12.092102,1
1509316217722,-2.8360138,0.35398865,-0.11064148,4
1509316217741,-2.7716064,3.4669495,-9.814087,1
1509316217742,-3.1874237,0.4073944,-0.26765442,4
1509316217762,-2.640686,2.552887,-9.026184,1
1509316217763,-2.957779,0.38923645,-0.29862976,4
1509316217782,-2.807312,2.579071,-8.159729,1
1509316217783,-2.2667084,0.3304901,-0.24629211,4
1509316217806,-2.8287354,2.5195618,-7.795532,1
1509316217807,-1.5895233,0.34117126,-0.27085876,4
1509316217821,-2.9596558,2.552887,-7.9002686,1
1509316217822,-0.9091339,0.4426422,-0.31678772,4
1509316217841,-3.0810547,2.919464,-7.562256,1
1509316217842,-0.2629242,0.53022766,-0.31358337,4
1509316217860,-2.8025513,3.0456238,-7.3551636,1
1509316217861,0.13121033,0.505661,-0.29542542,4
1509316217880,-2.7930298,3.4788513,-7.4956055,1
1509316217882,0.47727966,0.48002625,-0.20783997,4
1509316217923,-2.7668457,3.5740662,-7.826477,1
1509316217924,0.6706085,0.47254944,-0.17045593,4
1509316217925,-2.6311646,3.528839,-8.528687,1
1509316217926,0.6823578,0.47895813,-0.13520813,4
1509316217939,-2.6621094,3.162262,-9.007141,1
1509316217940,0.6812897,0.33476257,-0.06364441,4
1509316217969,-2.3788452,2.809967,-9.330872,1
1509316217971,0.4591217,0.21192932,-0.0978241,4
1509316217979,-2.4169312,2.6933289,-9.468933,1
1509316217981,0.21986389,0.15745544,-0.111709595,4
1509316218005,-2.40979,2.6933289,-9.507019,1
1509316218007,0.028671265,0.059188843,-0.1053009,4
1509316218019,-2.421692,2.931366,-9.266602,1
1509316218020,-0.065322876,-0.04121399,-0.054031372,4
1509316218039,-2.3121948,2.9480286,-8.93335,1
1509316218040,-0.11338806,-0.093551636,-0.019851685,4
1509316218062,-2.4050293,3.0003967,-8.557251,1
1509316218063,-0.101638794,-0.062576294,0.045303345,4
1509316218078,-2.6573486,3.08609,-8.364441,1
1509316218081,-0.08882141,-0.034805298,0.072006226,4
1509316218099,-2.743042,3.1955872,-8.054993,1
1509316218100,-0.09202576,-0.052963257,0.07948303,4
1509316218124,-2.6359253,3.3265076,-8.095459,1
1509316218126,-0.0952301,-0.04762268,0.074142456,4
1509316218139,-2.5883179,3.4288635,-8.069275,1
1509316218141,-0.09309387,-0.0016937256,0.06666565,4
1509316218158,-2.569275,3.5335999,-8.131165,1
1509316218159,-0.06425476,0.04637146,0.06452942,4
1509316218178,-2.5097656,3.5835876,-8.240662,1
1509316218181,-0.040756226,0.09550476,0.059188843,4
1509316218201,-2.47406,3.6359558,-8.352539,1
1509316218202,-0.018325806,0.15104675,0.05064392,4
1509316218218,-2.485962,3.5812073,-8.545349,1
1509316218219,-0.0023040771,0.20445251,0.033554077,4
1509316218240,-2.4240723,3.5074158,-8.592957,1
1509316218241,0.00944519,0.24824524,0.0068511963,4
1509316218258,-2.2860107,3.3050842,-8.404907,1
1509316218259,0.025466919,0.24397278,-0.016647339,4
1509316218277,-2.300293,3.2955627,-8.42395,1
1509316218280,0.040420532,0.24183655,-0.0059661865,4
1509316218297,-2.3574219,3.2931824,-8.442993,1
1509316218298,0.0521698,0.2866974,-0.028396606,4
1509316218317,-2.307434,3.264618,-8.16449,1
1509316218318,0.09703064,0.30271912,-0.066848755,4
1509316218337,-2.2026978,3.1717834,-8.442993,1
1509316218338,0.10557556,0.21940613,-0.03694153,4
1509316218357,-2.224121,3.0837097,-8.528687,1
1509316218358,0.13975525,0.14143372,-0.0209198,4
1509316218376,-2.043213,3.0480042,-8.738159,1
1509316218378,0.14723206,0.004714966,0.0036468506,4
1509316218397,-2.1241455,3.2622375,-9.32373,1
1509316218398,0.21772766,-0.09034729,0.028213501,4
1509316218419,-2.1574707,3.3050842,-9.6427,1
1509316218420,0.2615204,-0.19715881,0.025009155,4
1509316218439,-2.0098877,3.264618,-9.390381,1
1509316218440,0.20063782,-0.2804718,-0.015579224,4
1509316218470,-2.2050781,3.1598816,-8.973816,1
1509316218471,0.06391907,-0.32426453,-0.04762268,4
1509316218476,-2.1860352,3.1527405,-8.562012,1
1509316218478,-0.06852722,-0.3146515,-0.09034729,4
1509316218496,-2.3026733,3.0432434,-8.419189,1
1509316218497,-0.13581848,-0.21104431,-0.08287048,4
1509316218525,-2.5859375,3.0122986,-8.10498,1
1509316218526,-0.105911255,-0.11491394,-0.058303833,4
1509316218535,-2.6002197,2.9337463,-7.978821,1
1509316218537,-0.063186646,-0.07432556,-0.035873413,4
1509316218556,-2.5549927,3.124176,-8.1026,1
1509316218557,0.00944519,-0.015579224,0.0015106201,4
1509316218578,-2.5407104,3.0837097,-8.371582,1
1509316218579,0.019058228,0.072006226,0.020736694,4
1509316218596,-2.3955078,3.1313171,-8.48822,1
1509316218597,0.022262573,0.12327576,0.030349731,4
1509316218615,-2.3550415,3.15036,-8.702454,1
1509316218616,0.0062408447,0.17240906,0.031417847,4
1509316218635,-2.34552,3.2384338,-8.950012,1
1509316218636,-0.01939392,0.2108612,0.029281616,4
1509316218655,-2.338379,3.2122498,-8.928589,1
1509316218656,-0.038619995,0.22901917,0.016464233,4
1509316218676,-2.2336426,3.1194153,-8.607239,1
1509316218677,-0.051437378,0.24076843,0.004714966,4
1509316218696,-2.1455688,3.0837097,-8.492981,1
1509316218697,-0.049301147,0.24717712,0.012191772,4
1509316218715,-2.2455444,3.1979675,-8.61438,1
1509316218716,-1.6784668E-4,0.23435974,0.025009155,4
1509316218735,-2.178894,3.200348,-8.628662,1
1509316218737,0.04789734,0.19056702,0.033554077,4
1509316218755,-2.1955566,3.1789246,-8.857178,1
1509316218756,0.03614807,0.13716125,0.022872925,4
1509316218774,-2.0622559,3.1765442,-8.797668,1
1509316218776,-0.0012359619,0.08589172,0.005783081,4
1509316218794,-2.0075073,3.169403,-8.697693,1
1509316218795,-0.03327942,0.030349731,0.0025787354,4
1509316218814,-2.050354,3.2884216,-8.864319,1
1509316218815,0.00944519,-0.017715454,0.012191772,4
1509316218834,-2.0979614,3.3122253,-8.9904785,1
1509316218835,0.059646606,-0.06364441,0.011123657,4
1509316218854,-2.1098633,3.1836853,-8.892883,1
1509316218855,0.06285095,-0.0978241,-0.010238647,4
1509316218873,-2.0908203,3.1908264,-8.723877,1
1509316218876,0.041488647,-0.115982056,-0.024124146,4
1509316218894,-2.1003418,3.169403,-8.592957,1
1509316218895,-0.027938843,-0.095687866,-0.044418335,4
1509316218914,-2.1312866,3.162262,-8.445374,1
1509316218915,-0.045028687,-0.054031372,-0.042282104,4
1509316218933,-2.2455444,3.078949,-8.362061,1
1509316218935,-0.016189575,-0.011306763,-0.026260376,4
1509316218954,-2.2931519,3.0837097,-8.393005,1
1509316218955,0.016921997,0.02394104,-0.009170532,4
1509316218973,-2.2217407,3.0551453,-8.447754,1
1509316218975,0.00730896,0.061325073,-0.003829956,4
1509316218993,-2.1550903,3.078949,-8.5477295,1
1509316218994,-0.010848999,0.07627869,0.005783081,4
1509316219013,-2.0598755,3.124176,-8.609619,1
1509316219014,-0.006576538,0.067733765,0.017532349,4
1509316219032,-2.031311,3.1098938,-8.754822,1
1509316219034,0.016921997,0.060256958,0.029281616,4
1509316219052,-2.107483,3.2098694,-8.99762,1
1509316219054,0.04576111,0.03996277,0.030349731,4
1509316219073,-2.08844,3.233673,-8.911926,1
1509316219075,0.032943726,0.0068511963,0.01966858,4
1509316219092,-2.1455688,3.1908264,-8.828613,1
1509316219093,-1.6784668E-4,-0.010238647,-6.2561035E-4,4
1509316219112,-2.1503296,3.15036,-8.647705,1
1509316219113,-0.008712769,-0.030532837,-0.012374878,4
1509316219132,-2.08844,3.117035,-8.595337,1
1509316219133,-0.0044403076,-0.034805298,-0.016647339,4
1509316219152,-2.1098633,3.15036,-8.609619,1
1509316219153,0.00944519,-0.029464722,-0.008102417,4
1509316219171,-2.1027222,3.1455994,-8.628662,1
1509316219173,0.00944519,-0.017715454,-0.0027618408,4
1509316219191,-2.140808,3.117035,-8.581055,1
1509316219193,0.003036499,0.0025787354,4.4250488E-4,4
1509316219211,-2.1622314,3.097992,-8.621521,1
1509316219213,-0.0033721924,0.017532349,-6.2561035E-4,4
1509316219232,-2.1479492,3.0932312,-8.628662,1
1509316219233,-0.006576538,0.033554077,4.4250488E-4,4
1509316219251,-2.1289062,3.1098938,-8.74054,1
1509316219252,-0.0044403076,0.032485962,0.0068511963,4
1509316219272,-2.140808,3.1479797,-8.7595825,1
1509316219274,0.0041046143,0.02394104,0.010055542,4
1509316219291,-2.107483,3.1646423,-8.723877,1
1509316219292,0.00730896,0.011123657,0.0068511963,4
1509316219311,-2.0812988,3.1551208,-8.735779,1
1509316219312,0.0019683838,0.005783081,0.0015106201,4
1509316219331,-2.1289062,3.2051086,-8.790527,1
1509316219332,-0.0023040771,-0.0048980713,-0.0027618408,4
1509316219350,-2.1098633,3.1479797,-8.733398,1
1509316219352,-0.0044403076,-0.008102417,-0.003829956,4
1509316219370,-2.1455688,3.0884705,-8.659607,1
1509316219373,-1.6784668E-4,-0.0059661865,-0.0059661865,4
1509316219390,-2.1265259,3.1455994,-8.633423,1
1509316219392,9.0026855E-4,-0.0027618408,4.4250488E-4,4
1509316219410,-2.1431885,3.1789246,-8.688171,1
1509316219411,0.0019683838,4.4250488E-4,0.0036468506,4
1509316219430,-2.069397,3.1075134,-8.628662,1
1509316219431,-0.0033721924,0.0015106201,0.0015106201,4
1509316219450,-2.095581,3.1384583,-8.673889,1
1509316219451,-0.006576538,0.005783081,0.0025787354,4
1509316219469,-2.1122437,3.1717834,-8.652466,1
1509316219472,-0.0012359619,0.0079193115,4.4250488E-4,4
1509316219489,-2.1003418,3.143219,-8.704834,1
1509316219491,0.0019683838,0.008987427,0.0015106201,4
1509316219509,-2.1289062,3.1598816,-8.700073,1
1509316219511,0.0062408447,0.014328003,-0.0027618408,4
1509316219529,-2.0646362,3.1717834,-8.738159,1
1509316219531,0.0051727295,0.010055542,-0.0048980713,4
1509316219549,-2.0979614,3.181305,-8.709595,1
1509316219550,0.0019683838,0.0068511963,-0.0048980713,4
1509316219569,-2.1027222,3.1265564,-8.626282,1
1509316219572,0.0019683838,-6.2561035E-4,4.4250488E-4,4
1509316219589,-2.1479492,3.1313171,-8.783386,1
1509316219590,0.00730896,-0.0027618408,-0.0016937256,4
1509316219609,-2.1384277,3.1408386,-8.728638,1
1509316219610,0.008377075,-0.010238647,-6.2561035E-4,4
1509316219629,-2.08844,3.162262,-8.659607,1
1509316219630,-1.6784668E-4,-0.0070343018,-0.0070343018,4
1509316219648,-2.1312866,3.1575012,-8.781006,1
1509316219650,-0.0012359619,-0.003829956,-0.008102417,4
1509316219668,-2.107483,3.1598816,-8.664368,1
1509316219670,-0.0023040771,0.0025787354,-0.003829956,4
1509316219690,-2.0860596,3.1217957,-8.6310425,1
1509316219691,-1.6784668E-4,0.0036468506,-0.0016937256,4
1509316219708,-2.0860596,3.0813293,-8.666748,1
1509316219710,-0.0023040771,0.004714966,4.4250488E-4,4
1509316219728,-2.1122437,3.1741638,-8.664368,1
