1509340540753,-0.023162842,-0.057235718,-0.015930176,4
1509340540769,-4.1427,-3.0124207,8.529053,1
1509340540769,0.0046081543,-0.014511108,9.1552734E-5,4
1509340540789,-4.347412,-2.9814758,8.586182,1
1509340540789,0.019561768,0.01966858,0.0043640137,4
1509340540811,-4.392639,-2.9552917,8.612366,1
1509340540811,0.023834229,0.0015106201,9.1552734E-5,4
1509340540829,-4.2855225,-2.9029236,8.631409,1
1509340540835,0.03024292,-0.02305603,-0.0052490234,4
1509340540849,-4.223633,-2.8576965,8.588562,1
1509340540849,0.016357422,-0.015579224,-0.003112793,4
1509340540868,-4.2521973,-2.8815002,8.629028,1
1509340540868,-0.0018005371,0.0015106201,0.001159668,4
1509340540888,-4.2664795,-2.9076843,8.57428,1
1509340540889,-0.01461792,0.011123657,0.005432129,4
1509340540908,-4.3807373,-3.060028,8.586182,1
1509340540908,-0.0039367676,0.005783081,-0.008453369,4
1509340540930,-4.211731,-2.9719543,8.540955,1
1509340540930,0.014221191,-0.017715454,-0.01272583,4
1509340540950,-4.256958,-2.905304,8.614746,1
1509340540950,0.013153076,-0.0016937256,-0.004180908,4
1509340540967,-4.328369,-2.8434143,8.593323,1
1509340540969,0.012084961,0.014328003,0.001159668,4
1509340540987,-4.3188477,-2.905304,8.629028,1
1509340540989,0.008880615,-0.0016937256,9.1552734E-5,4
1509340541007,-4.2807617,-2.9148254,8.595703,1
1509340541008,0.0067443848,-0.013442993,-0.003112793,4
1509340541027,-4.223633,-2.9457703,8.557617,1
1509340541028,0.0067443848,-0.0016937256,0.001159668,4
1509340541047,-4.226013,-2.905304,8.609985,1
1509340541048,0.0046081543,0.008987427,0.0022277832,4
1509340541067,-4.340271,-2.886261,8.595703,1
1509340541067,0.0046081543,0.011123657,0.005432129,4
1509340541086,-4.347412,-2.969574,8.6813965,1
1509340541088,0.0024719238,0.010055542,0.001159668,4
1509340541107,-4.3640747,-2.9267273,8.590942,1
1509340541108,-7.324219E-4,0.005783081,9.1552734E-5,4
1509340541126,-4.366455,-2.905304,8.557617,1
1509340541127,-0.009277344,-0.0059661865,-0.003112793,4
1509340541146,-4.3188477,-2.8576965,8.531433,1
1509340541147,-0.013549805,-0.011306763,-0.007385254,4
1509340541166,-4.276001,-2.9291077,8.636169,1
1509340541167,-0.015686035,-0.008102417,-0.0052490234,4
1509340541186,-4.423584,-2.9291077,8.629028,1
1509340541187,-0.024230957,-0.0016937256,-0.0063171387,4
1509340541206,-4.4854736,-2.848175,8.636169,1
1509340541208,-0.030639648,-0.01878357,-0.014862061,4
1509340541226,-4.3831177,-2.7339172,8.650452,1
1509340541227,-0.0413208,-0.04975891,-0.028747559,4
1509340541245,-4.2355347,-2.7815247,8.629028,1
1509340541246,-0.09793091,-0.050827026,-0.045837402,4
1509340541265,-4.3188477,-2.9172058,8.807556,1
1509340541265,-0.13851929,-0.019851685,-0.043701172,4
1509340541286,-4.628296,-3.026703,9.036072,1
1509340541287,-0.15667725,-0.030532837,-0.06399536,4
1509340541306,-4.7734985,-2.8434143,8.76947,1
1509340541307,-0.18658447,-0.07325745,-0.099243164,4
1509340541325,-4.775879,-2.386383,8.595703,1
1509340541325,-0.25601196,-0.16725159,-0.15264893,4
1509340541344,-4.816345,-2.5625305,8.83374,1
1509340541345,-0.43972778,-0.2665863,-0.21566772,4
1509340541365,-5.0115356,-2.6910706,9.2717285,1
1509340541365,-0.66296387,-0.35523987,-0.24771118,4
1509340541384,-5.192444,-3.8312683,9.107483,1
1509340541385,-0.9385376,-0.46846008,-0.3182068,4
1509340541405,-6.6968384,-4.6286926,12.021057,1
1509340541406,-0.9032898,-0.47914124,-0.3619995,4
1509340541424,-6.675415,-4.09787,9.031311,1
1509340541425,-1.5623169,0.29203796,0.2137146,4
1509340541444,-6.5064087,-4.388275,9.197937,1
1509340541445,-1.4768677,-0.31037903,-0.020202637,4
1509340541463,-5.211487,-4.509674,10.221497,1
1509340541464,-1.0239868,-0.6884918,-0.2701416,4
1509340541484,-4.9782104,-5.2690125,10.897522,1
1509340541484,-0.8552246,-0.80384827,-0.35238647,4
1509340541504,-5.282898,-5.89505,11.07605,1
1509340541504,-0.73986816,-0.9095917,-0.33636475,4
1509340541524,-4.828247,-5.842682,11.345032,1
1509340541525,-0.6159668,-1.3261566,-0.45065308,4
1509340541543,-3.4785767,-6.190216,11.423584,1
1509340541544,-0.7783203,-1.7608795,-0.5991211,4
1509340541564,-2.421692,-6.849579,11.763977,1
1509340541564,-0.9310608,-1.8986664,-0.7753601,4
1509340541583,-2.8239746,-7.413727,11.437866,1
1509340541584,-0.9673767,-1.7993317,-0.8875122,4
1509340541603,-4.116516,-7.1233215,9.935852,1
1509340541603,-0.88726807,-1.7544708,-0.9718933,4
1509340541623,-4.9544067,-7.0019226,10.442871,1
1509340541623,-0.73880005,-1.904007,-1.1235657,4
1509340541643,-3.6571045,-7.2375793,11.009399,1
1509340541643,-0.63412476,-2.4017487,-1.4151611,4
1509340541663,-1.357666,-7.727936,10.771362,1
1509340541663,-0.47390747,-2.711502,-1.6565552,4
1509340541682,-0.13891602,-7.4898987,10.638062,1
1509340541683,-0.2944641,-2.5982819,-1.7879333,4
1509340541702,-0.024658203,-8.237335,9.34314,1
1509340541703,-0.103271484,-2.4722443,-1.747345,4
1509340541722,0.17529297,-8.032623,8.688538,1
1509340541723,0.3378601,-2.5876007,-1.8135681,4
1509340541742,1.1417236,-7.1875916,8.659973,1
1509340541742,0.75442505,-2.7713165,-1.9534912,4
1509340541762,1.9177246,-6.4996643,8.236267,1
1509340541762,0.8911438,-2.8108368,-2.007965,4
1509340541782,2.5390015,-6.4187317,8.0529785,1
1509340541782,0.8484192,-2.7542267,-2.0581665,4
1509340541802,2.9031982,-6.190216,7.060364,1
1509340541802,0.7384033,-2.674118,-2.1297302,4
1509340541822,3.324524,-6.4496765,6.4747925,1
1509340541822,0.46176147,-2.663437,-2.2269287,4
1509340541841,3.6220703,-6.5448914,5.3583984,1
1509340541842,-0.0028686523,-2.6538239,-2.230133,4
1509340541861,4.055298,-6.0830994,4.784729,1
1509340541862,-0.01889038,-2.7350006,-2.1820679,4
1509340541881,4.224304,-5.233307,4.79187,1
1509340541882,0.28338623,-2.7093658,-2.2162476,4
1509340541901,4.6741943,-3.6860657,4.651428,1
1509340541901,0.41583252,-2.6506195,-2.406372,4
1509340541921,5.1050415,-2.7862854,4.125366,1
1509340541921,0.41156006,-2.563034,-2.5676575,4
1509340541941,5.4382935,-2.2221375,3.796875,1
1509340541941,0.36029053,-2.3430023,-2.7225342,4
1509340541961,5.5668335,-1.7722473,3.5040894,1
1509340541961,0.37524414,-2.0727692,-2.7641907,4
1509340541980,5.633484,-1.3128357,2.8399658,1
1509340541981,0.44467163,-1.8516693,-2.7620544,4
1509340542000,5.8120117,-0.89627075,2.1020508,1
1509340542001,0.70635986,-1.6989288,-2.7535095,4
1509340542020,6.0548096,-0.077423096,1.5640869,1
1509340542021,0.9466858,-1.5953217,-2.6680603,4
1509340542040,6.0405273,0.88900757,1.4688721,1
1509340542041,0.9242554,-1.4276276,-2.5249329,4
1509340542060,5.9572144,1.7626038,1.4403076,1
1509340542061,0.7715149,-1.293045,-2.3732605,4
1509340542080,6.128601,2.4648132,1.166565,1
1509340542081,0.4777832,-1.2054596,-2.2269287,4
1509340542100,6.383301,2.9004211,1.0737305,1
1509340542101,0.1829834,-1.0655365,-2.0314636,4
1509340542120,6.3809204,3.2860413,0.8475952,1
1509340542120,0.012084961,-0.83909607,-1.8349304,4
1509340542140,6.12146,3.4169617,0.4119873,1
1509340542140,-0.06695557,-0.6019745,-1.6341248,4
1509340542159,5.819153,3.528839,-0.09741211,1
1509340542160,-0.0765686,-0.477005,-1.367096,4
1509340542179,5.7977295,4.081085,-0.5925293,1
1509340542180,-0.046661377,-0.4705963,-1.0626831,4
1509340542199,5.8429565,4.6737976,-0.76153564,1
1509340542200,-0.06695557,-0.40330505,-0.7390442,4
1509340542219,5.5977783,4.8023376,-0.25689697,1
1509340542219,-0.042388916,-0.21958923,-0.37268066,4
1509340542239,5.2192993,4.6999817,0.2477417,1
1509340542240,0.100738525,-0.0209198,-0.021270752,4
1509340542259,5.145508,4.6999817,0.42626953,1
1509340542259,0.23638916,0.116867065,0.2970276,4
1509340542279,5.795349,4.714264,0.5452881,1
1509340542280,0.2460022,0.20765686,0.5779419,4
1509340542299,6.4380493,4.4690857,0.6595459,1
1509340542299,0.09967041,0.46400452,0.8791504,4
1509340542319,6.1952515,4.709503,0.8261719,1
1509340542319,-0.1887207,0.9478607,1.2177429,4
1509340542338,5.6882324,4.3857727,1.5997925,1
1509340542339,-0.48779297,1.4616241,1.6118774,4
1509340542358,5.0907593,4.009674,1.9711304,1
1509340542359,-0.47711182,1.8899384,2.0102844,4
1509340542378,4.876526,3.2170105,1.987793,1
1509340542379,-0.3980713,2.1473541,2.4257812,4
1509340542398,4.7218018,2.6147766,1.0594482,1
1509340542399,-0.42477417,2.2840729,2.895752,4
1509340542418,4.9884033,2.2434387,0.8571167,1
1509340542418,-0.74520874,2.4453583,3.4223328,4
1509340542438,4.96698,1.2270203,2.1401367,1
1509340542438,-1.0325317,3.0039825,4.0856323,4
1509340542457,3.9362793,0.42007446,3.7683105,1
1509340542458,-1.1842041,3.7345734,4.630371,4
1509340542477,2.8579712,0.18917847,4.7276,1
1509340542478,-1.3604431,4.0955963,4.9134216,4
1509340542497,1.7296753,-0.7677307,3.6588135,1
1509340542498,-1.6253357,4.2344513,5.1996765,4
1509340542517,0.5609131,-2.5434875,2.6971436,1
1509340542518,-1.572998,4.1703644,5.2466736,4
1509340542537,-0.67926025,-3.6146545,2.1377563,1
1509340542538,-1.0955505,4.2664948,5.221039,4
1509340542557,-2.0455933,-3.290924,3.4017334,1
1509340542562,-0.2581482,4.6082916,5.121704,4
1509340542577,-3.211975,-2.084076,4.5490723,1
1509340542578,-0.1395874,5.103897,5.0319824,4
1509340542596,-5.1067505,-3.3194885,5.1227417,1
1509340542598,-0.5518799,5.96373,5.363098,4
1509340542616,-10.015076,-6.028351,2.8590088,1
1509340542617,-0.15774536,7.125839,5.853363,4
1509340542636,-14.121216,-4.907196,1.6854858,1
1509340542637,1.1667175,6.9592133,5.962311,4
1509340542656,-19.44313,-20.00589,19.466858,1
1509340542657,4.1713257,3.4867706,3.9499817,4
1509340542676,-19.44313,-20.00589,19.466858,1
1509340542677,1.5159912,-1.672226,1.4837036,4
1509340542696,-5.5685425,-3.6075134,7.593567,1
1509340542697,3.4289856,-1.2898407,-0.56814575,4
1509340542715,-0.10321045,14.050079,3.5183716,1
1509340542717,1.9272156,-4.018875,-1.6565552,4
1509340542735,1.041748,5.0308533,4.477661,1
1509340542736,-2.526825,-3.2914886,-0.83517456,4
1509340542755,-1.4147949,-0.7367859,5.8511353,1
1509340542757,-4.065979,0.76200867,0.41452026,4
1509340542776,-2.8739624,-3.6836853,2.4995728,1
1509340542778,-3.0694275,2.5190582,-0.839447,4
1509340542795,-5.854187,-3.9217224,3.3779297,1
1509340542796,-1.3230591,2.3620453,-0.42822266,4
1509340542815,-6.925354,-2.1888123,3.3517456,1
1509340542816,-0.41409302,1.2148895,-0.0105896,4
1509340542835,-4.616394,-1.4675598,2.6400146,1
1509340542836,0.47991943,0.02180481,0.2062378,4
1509340542854,-2.8239746,0.10824585,3.2803345,1
1509340542856,0.8142395,-0.16618347,0.23187256,4
1509340542874,-2.6097412,-0.4225769,4.3586426,1
1509340542876,-0.1812439,0.37641907,0.23828125,4
1509340542894,-7.2157593,-5.8664856,10.976074,1
1509340542896,-0.052001953,0.018600464,0.5010376,4
1509340542914,-6.732544,-13.514618,12.587585,1
1509340542915,-0.27523804,-0.45991516,0.30984497,4
1509340542934,-6.527832,-19.037079,15.046509,1
1509340542935,0.06976318,-0.4065094,-0.004180908,4
1509340542954,-6.0493774,-11.34848,11.687805,1
1509340542955,1.791565,-0.4342804,-0.43569946,4
1509340542974,-5.3114624,-4.5501404,7.1674805,1
1509340542975,2.2722168,-0.9202728,-0.34597778,4
1509340542994,-3.4285889,-0.060760498,5.510742,1
1509340542995,1.8524475,-1.468216,-0.41326904,4
1509340543014,-1.3267212,1.6864319,5.5654907,1
1509340543014,0.8623047,-1.5760956,-0.375885,4
1509340543033,-0.01751709,0.06539917,6.9365845,1
1509340543034,-0.23678589,-1.1061249,-0.0736084,4
1509340543053,0.022949219,-2.3078308,9.243164,1
1509340543054,-0.6586914,-0.29115295,0.13574219,4
1509340543073,-1.6433105,-5.7903137,11.687805,1
1509340543074,-0.4963379,0.33796692,0.37606812,4
1509340543093,-3.5880737,-8.751495,10.976074,1
1509340543094,-0.31689453,0.44584656,0.17312622,4
1509340543113,-3.7832642,-6.6282043,8.698059,1
1509340543113,0.05908203,-0.03694153,-0.06826782,4
1509340543133,-2.428833,-4.400177,7.698303,1
1509340543133,0.03451538,-0.43000793,-0.09817505,4
1509340543156,-1.274353,-3.8122253,7.4745483,1
1509340543157,-0.1321106,-0.2804718,-0.038360596,4
1509340543173,-1.6004639,-4.3977966,7.817322,1
1509340543174,-0.24853516,0.13182068,0.07913208,4
1509340543193,-2.8953857,-5.2690125,7.991089,1
1509340543193,-0.13745117,0.4276886,0.10797119,4
1509340543212,-3.8356323,-5.31662,8.288635,1
1509340543213,0.15307617,0.38816833,0.07272339,4
1509340543232,-3.8380127,-5.0643005,8.521912,1
1509340543233,0.34106445,0.17774963,0.026794434,4
1509340543252,-3.538086,-4.707245,8.655212,1
1509340543253,0.43933105,0.05491638,0.017181396,4
1509340543272,-3.4690552,-4.1645203,8.671875,1
1509340543273,0.42544556,0.038894653,0.012908936,4
1509340543291,-3.5404663,-3.7765198,8.64093,1
1509340543292,0.25775146,0.015396118,9.1552734E-5,4
1509340543312,-3.5142822,-3.7812805,8.564758,1
1509340543312,0.041992188,-0.04121399,-0.0105896,4
1509340543331,-3.3238525,-4.1645203,8.645691,1
1509340543332,-0.082977295,-0.08287048,-0.029815674,4
1509340543352,-3.3309937,-4.533478,8.652832,1
1509340543353,-0.06375122,-0.09248352,-0.03729248,4
1509340543371,-3.2524414,-4.407318,8.559998,1
1509340543372,0.0067443848,-0.11491394,-0.03515625,4
1509340543391,-3.0691528,-4.245453,8.626648,1
1509340543393,0.03665161,-0.14375305,-0.021270752,4
1509340543411,-2.8287354,-4.22641,8.7052,1
1509340543412,-0.024230957,-0.14375305,-0.0063171387,4
1509340543431,-2.7549438,-4.347809,8.712341,1
1509340543432,-0.1257019,-0.11277771,0.0043640137,4
1509340543451,-2.7406616,-4.6286926,8.567139,1
1509340543452,-0.1887207,-0.08607483,0.0022277832,4
1509340543471,-2.7478027,-4.831024,8.4505005,1
1509340543472,-0.1673584,-0.07218933,0.001159668,4
1509340543490,-2.6882935,-4.881012,8.481445,1
1509340543492,-0.09152222,-0.05189514,-0.004180908,4
1509340543510,-2.7597046,-4.8000793,8.438599,1
1509340543513,-0.0018005371,-0.0209198,-9.765625E-4,4
1509340543530,-2.8120728,-4.6858215,8.424316,1
1509340543532,0.058013916,-0.0048980713,-0.0020446777,4
1509340543550,-2.833496,-4.5501404,8.44574,1
1509340543551,0.07723999,-0.0048980713,-0.007385254,4
1509340543569,-2.883484,-4.5834656,8.586182,1
1509340543571,0.06549072,-0.0048980713,-0.009521484,4
1509340543589,-2.8549194,-4.5691833,8.624268,1
1509340543591,0.043060303,0.0015106201,-0.0105896,4
1509340543610,-2.9501343,-4.5715637,8.595703,1
1509340543612,0.031311035,0.0015106201,-0.0105896,4
1509340543629,-2.9953613,-4.5572815,8.588562,1
1509340543631,0.035583496,-0.0027618408,-0.009521484,4
1509340543649,-2.9691772,-4.4549255,8.552856,1
1509340543650,0.031311035,-0.0016937256,-0.004180908,4
1509340543669,-2.9786987,-4.41922,8.559998,1
1509340543670,0.019561768,4.4250488E-4,0.006500244,4
1509340543689,-3.0025024,-4.4668274,8.559998,1
1509340543691,0.012084961,-0.0070343018,0.012908936,4
1509340543710,-3.0072632,-4.5263367,8.588562,1
1509340543712,0.016357422,-0.014511108,0.015045166,4
1509340543728,-2.954895,-4.6025085,8.602844,1
1509340543730,0.044128418,-0.02519226,0.00970459,4
1509340543748,-2.8858643,-4.445404,8.626648,1
1509340543750,0.06976318,-0.034805298,0.001159668,4
1509340543768,-2.8763428,-4.3906555,8.652832,1
1509340543770,0.06869507,-0.026260376,0.001159668,4
1509340543788,-2.9049072,-4.3382874,8.657593,1
1509340543790,0.047332764,-0.01878357,0.005432129,4
1509340543808,-2.8811035,-4.393036,8.643311,1
1509340543810,0.0099487305,-0.0209198,0.005432129,4
1509340543828,-2.8858643,-4.4239807,8.693298,1
1509340543829,-0.024230957,-0.02305603,0.0075683594,4
1509340543848,-2.8930054,-4.4930115,8.619507,1
1509340543849,-0.04345703,-0.021987915,0.005432129,4
1509340543868,-2.8406372,-4.535858,8.521912,1
1509340543868,-0.044525146,-0.019851685,0.0022277832,4
1509340543888,-2.833496,-4.619171,8.526672,1
1509340543891,-0.031707764,-0.015579224,-0.003112793,4
1509340543908,-2.7906494,-4.604889,8.519531,1
1509340543909,-0.009277344,-0.011306763,-0.008453369,4
1509340543927,-2.8168335,-4.5953674,8.571899,1
1509340543928,0.016357422,-0.0016937256,-0.0063171387,4
1509340543947,-2.852539,-4.5525208,8.607605,1
1509340543948,0.02810669,0.0068511963,-0.0052490234,4
1509340543967,-2.9191895,-4.4858704,8.607605,1
1509340543969,0.02810669,0.008987427,-0.004180908,4
1509340543987,-2.8739624,-4.471588,8.664734,1
1509340543988,0.023834229,0.004714966,-0.0052490234,4
1509340544007,-2.8811035,-4.4620667,8.581421,1
1509340544008,0.018493652,0.0025787354,-0.004180908,4
1509340544026,-2.897766,-4.490631,8.588562,1
1509340544028,0.021697998,0.0036468506,-0.0020446777,4
1509340544047,-2.9025269,-4.452545,8.612366,1
1509340544051,0.023834229,0.0036468506,-0.003112793,4
1509340544066,-2.9049072,-4.4239807,8.667114,1
1509340544068,0.027038574,4.4250488E-4,-9.765625E-4,4
1509340544086,-2.9025269,-4.4096985,8.636169,1
1509340544087,0.019561768,-0.0027618408,0.001159668,4
1509340544106,-2.9691772,-4.445404,8.619507,1
1509340544107,0.0056762695,-0.003829956,0.0032958984,4
1509340544126,-2.8811035,-4.433502,8.586182,1
1509340544127,-0.0071411133,-0.011306763,0.0043640137,4
1509340544145,-2.8668213,-4.438263,8.581421,1
1509340544147,-0.011413574,-0.009170532,0.006500244,4
1509340544165,-2.8787231,-4.5049133,8.559998,1
1509340544167,-0.006072998,-0.012374878,0.008636475,4
1509340544186,-2.864441,-4.528717,8.614746,1
1509340544188,-7.324219E-4,-0.011306763,0.00970459,4
1509340544205,-2.8477783,-4.4739685,8.593323,1
1509340544207,0.0056762695,-0.008102417,0.008636475,4
1509340544225,-2.8501587,-4.445404,8.633789,1
1509340544227,0.0099487305,-0.0070343018,0.008636475,4
1509340544245,-2.8406372,-4.407318,8.600464,1
1509340544246,0.0024719238,-0.0059661865,0.008636475,4
1509340544265,-2.871582,-4.469208,8.555237,1
1509340544267,-0.006072998,-6.2561035E-4,0.006500244,4
1509340544285,-2.883484,-4.533478,8.643311,1
1509340544286,-0.0082092285,0.0015106201,0.0043640137,4
1509340544304,-2.883484,-4.5191956,8.579041,1
1509340544305,-0.006072998,0.0015106201,0.0043640137,4
1509340544325,-2.864441,-4.497772,8.569519,1
1509340544326,0.003540039,0.0025787354,0.001159668,4
1509340544344,-2.8739624,-4.471588,8.600464,1
1509340544345,0.008880615,0.004714966,0.001159668,4
1509340544364,-2.8930054,-4.4930115,8.5980835,1
1509340544365,0.011016846,0.005783081,9.1552734E-5,4
1509340544384,-2.909668,-4.450165,8.633789,1
1509340544386,0.0067443848,0.004714966,0.001159668,4
1509340544404,-2.9049072,-4.4620667,8.552856,1
1509340544405,3.3569336E-4,0.0015106201,9.1552734E-5,4
1509340544424,-2.9025269,-4.4787292,8.57666,1
1509340544425,0.0024719238,-0.0059661865,0.0022277832,4
1509340544444,-2.9001465,-4.464447,8.590942,1
1509340544445,0.0056762695,-0.0016937256,0.0022277832,4
1509340544464,-2.8858643,-4.4787292,8.588562,1
1509340544466,0.008880615,0.0025787354,9.1552734E-5,4
1509340544484,-2.9310913,-4.4430237,8.679016,1
1509340544485,0.0078125,4.4250488E-4,0.001159668,4
1509340544503,-2.8620605,-4.469208,8.607605,1
1509340544504,0.0014038086,-0.0027618408,-9.765625E-4,4
1509340544523,-2.8692017,-4.464447,8.64093,1
1509340544524,-0.0039367676,-0.003829956,-0.0020446777,4
1509340544543,-2.871582,-4.4620667,8.709961,1
1509340544544,-0.006072998,-0.0016937256,9.1552734E-5,4
1509340544563,-2.890625,-4.452545,8.5980835,1
1509340544564,-0.0082092285,-0.009170532,9.1552734E-5,4
1509340544583,-2.7930298,-4.4858704,8.57428,1
1509340544584,-0.009277344,-0.02305603,-9.765625E-4,4
1509340544603,-2.7930298,-4.4882507,8.621887,1
1509340544604,-0.0071411133,-0.017715454,0.001159668,4
1509340544623,-2.8144531,-4.514435,8.609985,1
1509340544624,-0.0039367676,-0.0048980713,0.0022277832,4
1509340544642,-2.8406372,-4.471588,8.588562,1
1509340544643,3.3569336E-4,0.0079193115,0.006500244,4
1509340544662,-2.9501343,-4.514435,8.607605,1
1509340544663,0.0046081543,0.011123657,0.0075683594,4
1509340544682,-2.9310913,-4.469208,8.664734,1
1509340544683,0.011016846,0.004714966,0.0032958984,4
1509340544702,-2.9215698,-4.4430237,8.617126,1
1509340544703,0.008880615,4.4250488E-4,0.0032958984,4
1509340544722,-2.8930054,-4.445404,8.607605,1
1509340544723,0.0067443848,-0.0059661865,0.001159668,4
1509340544743,-2.9001465,-4.426361,8.581421,1
1509340544744,0.0024719238,-0.0070343018,0.0043640137,4
1509340544762,-2.8620605,-4.4358826,8.619507,1
1509340544763,-0.0028686523,-0.010238647,9.1552734E-5,4
1509340544782,-2.8739624,-4.469208,8.655212,1
1509340544783,-0.0018005371,-0.013442993,-9.765625E-4,4
1509340544801,-2.8430176,-4.4549255,8.621887,1
1509340544802,3.3569336E-4,-0.009170532,0.001159668,4
1509340544821,-2.8430176,-4.4549255,8.652832,1
1509340544822,-7.324219E-4,-0.0016937256,0.001159668,4
1509340544841,-2.8858643,-4.464447,8.614746,1
1509340544842,-7.324219E-4,-6.2561035E-4,9.1552734E-5,4
1509340544861,-2.8168335,-4.438263,8.590942,1
1509340544862,-7.324219E-4,-0.0059661865,-0.0020446777,4
1509340544881,-2.8311157,-4.431122,8.652832,1
1509340544886,-0.0018005371,-0.0070343018,9.1552734E-5,4
1509340544900,-2.7716064,-4.4882507,8.633789,1
1509340544902,-0.0028686523,-6.2561035E-4,0.001159668,4
1509340544920,-2.8025513,-4.4406433,8.633789,1
1509340544921,-7.324219E-4,-6.2561035E-4,9.1552734E-5,4
1509340544940,-2.864441,-4.48349,8.626648,1
1509340544942,-0.0028686523,0.0025787354,-9.765625E-4,4
1509340544960,-2.9049072,-4.4787292,8.600464,1
1509340544962,-0.0039367676,0.005783081,9.1552734E-5,4
1509340544980,-2.8930054,-4.5049133,8.617126,1
1509340544982,-0.0018005371,0.0036468506,-0.003112793,4
1509340545000,-2.883484,-4.5120544,8.617126,1
1509340545002,-0.0018005371,4.4250488E-4,-9.765625E-4,4
1509340545020,-2.8953857,-4.502533,8.605225,1
1509340545021,-7.324219E-4,-0.003829956,-0.003112793,4
1509340545039,-2.864441,-4.4620667,8.609985,1
1509340545041,-0.0018005371,-0.0048980713,-9.765625E-4,4
1509340545059,-2.8620605,-4.5049133,8.571899,1
1509340545062,-0.0018005371,-0.0059661865,-0.0020446777,4
1509340545079,-2.845398,-4.4358826,8.626648,1
1509340545081,0.0014038086,-0.0027618408,-0.0020446777,4
1509340545099,-2.8406372,-4.471588,8.590942,1
1509340545100,0.0024719238,-0.0048980713,-9.765625E-4,4
1509340545119,-2.8882446,-4.4477844,8.633789,1
1509340545121,0.003540039,-0.0048980713,0.001159668,4
1509340545139,-2.8858643,-4.4668274,8.581421,1
1509340545142,0.003540039,-0.0048980713,0.0032958984,4
1509340545159,-2.8382568,-4.4858704,8.655212,1
1509340545160,0.0056762695,-6.2561035E-4,0.0032958984,4
1509340545179,-2.8620605,-4.4858704,8.631409,1
1509340545180,0.0078125,-0.0016937256,0.001159668,4
1509340545199,-2.8763428,-4.4406433,8.624268,1
1509340545200,0.008880615,-0.0027618408,0.0043640137,4
1509340545218,-2.864441,-4.4668274,8.5980835,1
1509340545219,0.0078125,0.0015106201,0.0022277832,4
1509340545238,-2.8739624,-4.431122,8.612366,1
1509340545239,0.0056762695,-0.0016937256,0.001159668,4
1509340545258,-2.8477783,-4.469208,8.590942,1
1509340545259,0.003540039,-0.003829956,0.001159668,4
1509340545279,-2.8406372,-4.4787292,8.64093,1
1509340545281,-7.324219E-4,-0.0027618408,9.1552734E-5,4
1509340545298,-2.8358765,-4.528717,8.629028,1
1509340545299,0.0014038086,-0.0016937256,9.1552734E-5,4
1509340545318,-2.8596802,-4.48349,8.609985,1
1509340545319,-7.324219E-4,0.0015106201,0.0022277832,4
1509340545337,-2.8787231,-4.521576,8.593323,1
1509340545339,0.0024719238,4.4250488E-4,0.0022277832,4
1509340545358,-2.8882446,-4.4811096,8.605225,1
1509340545359,0.011016846,-6.2561035E-4,0.0022277832,4
1509340545377,-2.8692017,-4.464447,8.567139,1
1509340545378,0.012084961,0.0036468506,0.0043640137,4
1509340545397,-2.8668213,-4.4477844,8.63855,1
1509340545398,0.011016846,0.0025787354,0.001159668,4
1509340545417,-2.845398,-4.4216003,8.657593,1
1509340545418,0.0099487305,0.0015106201,-9.765625E-4,4
1509340545437,-2.8620605,-4.4168396,8.633789,1
1509340545438,0.003540039,-0.003829956,-9.765625E-4,4
1509340545457,-2.8477783,-4.4406433,8.590942,1
1509340545458,-0.0018005371,-6.2561035E-4,-0.004180908,4
1509340545477,-2.8668213,-4.5001526,8.645691,1
1509340545478,0.0014038086,-0.0016937256,-0.0020446777,4
1509340545497,-2.8882446,-4.4358826,8.600464,1
1509340545498,0.0056762695,-0.003829956,9.1552734E-5,4
1509340545516,-2.8787231,-4.450165,8.607605,1
1509340545517,0.0056762695,-0.011306763,-0.003112793,4
1509340545536,-2.8215942,-4.433502,8.631409,1
1509340545537,0.0024719238,-0.016647339,-9.765625E-4,4
1509340545557,-2.7573242,-4.4739685,8.624268,1
1509340545558,-0.0028686523,-0.009170532,0.0022277832,4
1509340545578,-2.8096924,-4.407318,8.588562,1
1509340545580,-0.0028686523,4.4250488E-4,0.0032958984,4
1509340545596,-2.8787231,-4.476349,8.588562,1
1509340545597,-7.324219E-4,0.0068511963,0.0032958984,4
1509340545616,-2.8930054,-4.514435,8.5980835,1
1509340545617,0.0067443848,0.0025787354,0.0022277832,4
1509340545636,-2.8692017,-4.464447,8.64093,1
1509340545637,0.012084961,-0.003829956,-9.765625E-4,4
1509340545655,-2.8930054,-4.457306,8.57666,1
1509340545656,0.013153076,-0.009170532,-9.765625E-4,4
1509340545675,-2.8549194,-4.469208,8.548096,1
1509340545677,0.0067443848,-0.0048980713,9.1552734E-5,4
1509340545695,-2.826355,-4.445404,8.6813965,1
1509340545697,0.003540039,-0.0048980713,0.001159668,4
1509340545715,-2.8572998,-4.4216003,8.657593,1
1509340545716,-7.324219E-4,-0.009170532,-9.765625E-4,4
1509340545735,-2.8549194,-4.4620667,8.624268,1
1509340545736,-0.0039367676,-0.0059661865,-9.765625E-4,4
1509340545755,-2.8501587,-4.4549255,8.645691,1
1509340545756,-0.0018005371,-0.0027618408,9.1552734E-5,4
1509340545774,-2.8811035,-4.4549255,8.650452,1
1509340545776,-7.324219E-4,-0.0027618408,9.1552734E-5,4
1509340545794,-2.8382568,-4.502533,8.612366,1
1509340545796,0.0067443848,-0.0048980713,-0.003112793,4
1509340545814,-2.8501587,-4.426361,8.631409,1
1509340545816,0.0067443848,-0.0016937256,-0.0020446777,4
1509340545835,-2.8192139,-4.471588,8.602844,1
1509340545836,0.0056762695,0.0036468506,0.001159668,4
1509340545854,-2.8596802,-4.450165,8.626648,1
1509340545856,0.0014038086,0.0036468506,9.1552734E-5,4
1509340545874,-2.8144531,-4.464447,8.605225,1
1509340545876,-0.0028686523,0.0015106201,9.1552734E-5,4
1509340545894,-2.845398,-4.476349,8.643311,1
1509340545896,-0.0018005371,4.4250488E-4,9.1552734E-5,4
1509340545914,-2.871582,-4.471588,8.569519,1
1509340545915,3.3569336E-4,4.4250488E-4,-0.003112793,4
1509340545933,-2.8692017,-4.48349,8.593323,1
1509340545934,3.3569336E-4,-0.0016937256,-9.765625E-4,4
1509340545954,-2.864441,-4.445404,8.602844,1
1509340545955,0.0014038086,-0.003829956,-0.0020446777,4
1509340545973,-2.8572998,-4.476349,8.636169,1
1509340545974,-7.324219E-4,-6.2561035E-4,9.1552734E-5,4
1509340545994,-2.8477783,-4.4668274,8.605225,1
1509340545995,0.0014038086,-0.0016937256,9.1552734E-5,4
1509340546013,-2.8501587,-4.41922,8.602844,1
1509340546015,-0.0018005371,-0.0027618408,0.001159668,4
1509340546033,-2.8358765,-4.4858704,8.614746,1
1509340546034,0.0024719238,-0.0059661865,0.001159668,4
1509340546053,-2.8120728,-4.4477844,8.621887,1
1509340546054,0.0046081543,-0.0059661865,0.0022277832,4
1509340546073,-2.871582,-4.438263,8.5980835,1
1509340546075,0.0078125,-0.0016937256,0.0032958984,4
1509340546093,-2.845398,-4.4668274,8.607605,1
1509340546094,0.0056762695,-0.0027618408,0.0022277832,4
1509340546113,-2.807312,-4.438263,8.617126,1
1509340546114,0.0056762695,-0.0016937256,0.0022277832,4
1509340546132,-2.8287354,-4.4239807,8.605225,1
1509340546133,0.0056762695,-0.003829956,0.001159668,4
1509340546152,-2.8311157,-4.4287415,8.624268,1
1509340546154,0.003540039,-0.0027618408,9.1552734E-5,4
1509340546172,-2.8501587,-4.41922,8.631409,1
1509340546174,-0.0018005371,-0.0048980713,0.001159668,4
1509340546192,-2.8192139,-4.457306,8.643311,1
1509340546194,3.3569336E-4,-0.0016937256,9.1552734E-5,4
1509340546212,-2.845398,-4.4596863,8.63855,1
1509340546213,-0.0028686523,0.0025787354,0.001159668,4
1509340546232,-2.8311157,-4.4739685,8.540955,1
1509340546233,-0.0018005371,-0.0016937256,0.001159668,4
1509340546251,-2.8239746,-4.450165,8.586182,1
1509340546254,0.0046081543,4.4250488E-4,9.1552734E-5,4
1509340546271,-2.8192139,-4.4620667,8.648071,1
1509340546273,0.0046081543,0.0025787354,-9.765625E-4,4
1509340546291,-2.8406372,-4.4739685,8.63855,1
1509340546295,0.0067443848,4.4250488E-4,-9.765625E-4,4
1509340546311,-2.852539,-4.4549255,8.7052,1
1509340546313,0.008880615,-6.2561035E-4,9.1552734E-5,4
1509340546331,-2.8192139,-4.431122,8.626648,1
1509340546333,0.003540039,-6.2561035E-4,-0.003112793,4
1509340546351,-2.8406372,-4.4596863,8.617126,1
1509340546352,0.0024719238,-0.0027618408,-0.0052490234,4
1509340546370,-2.8668213,-4.4216003,8.695679,1
1509340546372,-0.0018005371,-6.2561035E-4,-0.003112793,4
1509340546391,-2.8668213,-4.457306,8.595703,1
1509340546392,-0.0039367676,-0.003829956,-0.003112793,4
1509340546410,-2.8430176,-4.4811096,8.612366,1
1509340546412,-0.006072998,-0.014511108,-0.003112793,4
1509340546430,-2.7668457,-4.497772,8.619507,1
1509340546431,-0.005004883,-0.016647339,-9.765625E-4,4
1509340546450,-2.781128,-4.4430237,8.590942,1
1509340546451,-0.0028686523,-0.0059661865,0.001159668,4
1509340546470,-2.8287354,-4.471588,8.617126,1
1509340546471,0.0024719238,0.005783081,0.0043640137,4
1509340546490,-2.864441,-4.5072937,8.609985,1
1509340546491,0.0056762695,0.005783081,0.0043640137,4
1509340546510,-2.883484,-4.469208,8.626648,1
1509340546511,0.0099487305,0.0015106201,0.0022277832,4
1509340546529,-2.8477783,-4.4430237,8.614746,1
1509340546531,0.011016846,-0.0027618408,0.001159668,4
1509340546550,-2.807312,-4.426361,8.63855,1
1509340546551,0.008880615,-0.010238647,-0.0020446777,4
1509340546570,-2.8311157,-4.4216003,8.659973,1
1509340546572,0.0024719238,-0.0070343018,0.001159668,4
1509340546589,-2.8192139,-4.41922,8.643311,1
1509340546591,-0.0039367676,-0.0070343018,0.0022277832,4
1509340546610,-2.845398,-4.4239807,8.643311,1
1509340546611,-0.0039367676,-0.008102417,9.1552734E-5,4
1509340546629,-2.7716064,-4.4668274,8.643311,1
1509340546630,-7.324219E-4,-0.0016937256,9.1552734E-5,4
1509340546649,-2.8406372,-4.438263,8.657593,1
1509340546650,0.0014038086,0.005783081,0.0022277832,4
1509340546668,-2.8549194,-4.450165,8.602844,1
1509340546670,0.0046081543,0.0025787354,-9.765625E-4,4
1509340546689,-2.833496,-4.450165,8.621887,1
1509340546690,0.0078125,-0.0048980713,-0.0020446777,4
1509340546708,-2.8120728,-4.445404,8.590942,1
1509340546710,0.011016846,-0.0016937256,-0.0020446777,4
1509340546728,-2.7858887,-4.3977966,8.671875,1
1509340546729,0.0078125,0.0015106201,-9.765625E-4,4
1509340546748,-2.8025513,-4.469208,8.643311,1
1509340546749,0.0014038086,4.4250488E-4,-9.765625E-4,4
1509340546768,-2.8215942,-4.4287415,8.633789,1
