1509340522503,-2.6454468,-3.1861877,9.005127,1
1509340522503,-0.026367188,-0.09675598,-0.022338867,4
1509340522520,-3.121521,-3.2361755,9.002747,1
1509340522520,-0.013549805,0.030349731,-0.0020446777,4
1509340522540,-3.1953125,-3.3409119,9.007507,1
1509340522540,-7.324219E-4,-0.010238647,-0.0020446777,4
1509340522559,-2.9906006,-3.290924,9.069397,1
1509340522560,0.013153076,-0.046554565,-0.013793945,4
1509340522581,-3.057251,-3.2314148,9.050354,1
1509340522581,0.012084961,-0.01878357,-0.011657715,4
1509340522599,-3.064392,-3.1362,8.988464,1
1509340522600,0.0024719238,0.008987427,0.0022277832,4
1509340522619,-3.1453247,-3.1314392,9.017029,1
1509340522620,0.019561768,0.005783081,-0.0020446777,4
1509340522639,-3.0858154,-3.143341,9.076538,1
1509340522640,0.020629883,-0.015579224,-0.0020446777,4
1509340522659,-2.9763184,-3.2695007,9.078918,1
1509340522659,0.019561768,0.0079193115,9.1552734E-5,4
1509340522678,-3.0596313,-3.1766663,9.095581,1
1509340522679,0.0099487305,0.02394104,0.0032958984,4
1509340522698,-3.064392,-3.1362,9.064636,1
1509340522699,-0.0071411133,0.015396118,0.00970459,4
1509340522718,-3.121521,-3.1409607,9.057495,1
1509340522719,-0.027435303,0.01966858,0.012908936,4
1509340522739,-3.1239014,-3.1790466,8.9765625,1
1509340522739,-0.024230957,0.015396118,0.012908936,4
1509340522758,-3.0786743,-3.1861877,9.126526,1
1509340522759,-0.021026611,0.018600464,0.019317627,4
1509340522778,-3.17865,-3.374237,8.974182,1
1509340522779,-0.011413574,0.025009155,-0.052246094,4
1509340522797,-3.0215454,-3.3718567,8.969421,1
1509340522799,-0.009277344,-0.050827026,-0.03729248,4
1509340522817,-2.9001465,-3.2028503,8.997986,1
1509340522818,0.0014038086,-0.024124146,-0.011657715,4
1509340522837,-3.1834106,-3.1362,8.914673,1
1509340522838,-7.324219E-4,0.010055542,-0.0020446777,4
1509340522857,-3.0881958,-3.2695007,9.031311,1
1509340522858,0.012084961,-0.014511108,-0.003112793,4
1509340522877,-3.0429688,-3.2623596,9.08844,1
1509340522878,0.033447266,-0.015579224,-9.765625E-4,4
1509340522897,-3.2000732,-3.245697,9.062256,1
1509340522898,0.02810669,4.4250488E-4,0.0032958984,4
1509340522917,-3.185791,-3.124298,9.0598755,1
1509340522918,0.025970459,-0.017715454,-0.003112793,4
1509340522936,-3.0929565,-3.1004944,9.112244,1
1509340522937,0.0078125,-0.03907776,-0.007385254,4
1509340522956,-3.0929565,-3.1100159,9.067017,1
1509340522957,0.0014038086,-0.04335022,-0.007385254,4
1509340522976,-3.1262817,-3.2361755,9.143188,1
1509340522977,3.3569336E-4,-0.057235718,-0.008453369,4
1509340522996,-3.2095947,-3.3980408,9.236023,1
1509340522997,0.049468994,-0.08607483,-0.0105896,4
1509340523016,-3.2643433,-3.3266296,9.414551,1
1509340523017,0.09005737,-0.09461975,-0.024475098,4
1509340523036,-3.3024292,-3.1790466,9.262207,1
1509340523037,0.07937622,-0.11277771,-0.05117798,4
1509340523056,-3.140564,-2.9219666,9.435974,1
1509340523056,0.0099487305,-0.14375305,-0.08963013,4
1509340523075,-3.0596313,-2.94339,9.440735,1
1509340523079,-0.101135254,-0.17579651,-0.103515625,4
1509340523097,-3.0858154,-3.1933289,10.347656,1
1509340523098,-0.13424683,-0.17579651,-0.101379395,4
1509340523115,-3.4523926,-3.5313416,11.104614,1
1509340523116,-0.22183228,-0.16725159,-0.08856201,4
1509340523135,-3.7856445,-3.4337463,12.954163,1
1509340523135,-0.61169434,-0.20677185,-0.11740112,4
1509340523155,-4.494995,-5.171417,10.807068,1
1509340523156,-1.1575012,-0.13414001,0.0043640137,4
1509340523175,-4.4212036,-4.7429504,11.621155,1
1509340523176,-0.35855103,-0.49409485,-0.16119385,4
1509340523194,-4.095093,-3.4980164,11.030823,1
1509340523196,-0.07763672,-0.5827484,-0.21887207,4
1509340523215,-4.040344,-3.3837585,10.854675,1
1509340523216,-0.18017578,-0.6639252,-0.20925903,4
1509340523234,-4.264099,-3.26474,10.902283,1
1509340523236,-0.15240479,-0.8401642,-0.19537354,4
1509340523254,-3.9760742,-4.0050354,11.725891,1
1509340523255,-0.21115112,-1.069809,-0.18789673,4
1509340523276,-3.5142822,-4.0574036,11.154602,1
1509340523277,-0.021026611,-1.0879669,-0.27120972,4
1509340523294,-3.621399,-3.1076355,11.78302,1
1509340523295,-0.14492798,-1.069809,-0.4100647,4
1509340523314,-3.2453003,-3.7146301,11.633057,1
1509340523316,-0.8488159,-1.180893,-0.50512695,4
1509340523334,-2.8811035,-5.3332825,12.049622,1
1509340523337,-1.2055664,-1.338974,-0.5361023,4
1509340523354,-2.5335693,-5.842682,10.761841,1
1509340523354,-0.9022217,-1.5109406,-0.6963196,4
1509340523373,-1.7147217,-5.2571106,12.018677,1
1509340523374,-0.61383057,-2.0503387,-0.7678833,4
1509340523393,-0.66259766,-6.3354187,11.906799,1
1509340523394,-0.8178406,-2.3109589,-0.9013977,4
1509340523413,0.103881836,-6.8424377,10.961792,1
1509340523414,-0.6715088,-2.4434052,-1.0840454,4
1509340523433,0.8989258,-7.4422913,9.962036,1
1509340523434,-0.087249756,-2.600418,-1.1673584,4
1509340523453,1.2059937,-6.0640564,9.183655,1
1509340523454,0.60061646,-2.7467499,-1.1759033,4
1509340523473,1.734436,-4.7096252,8.731384,1
1509340523474,0.8142395,-2.9037628,-1.228241,4
1509340523492,2.3604736,-4.811981,8.543335,1
1509340523493,0.5877991,-2.960373,-1.3062134,4
1509340523512,2.6604004,-4.771515,7.7625732,1
1509340523517,0.33145142,-2.8845367,-1.4098206,4
1509340523532,2.8151245,-4.9928894,6.6485596,1
1509340523533,0.36776733,-2.850357,-1.4365234,4
1509340523552,3.4292603,-4.233551,5.951111,1
1509340523553,0.6753845,-2.9187164,-1.4963379,4
1509340523572,4.1671753,-3.4599304,5.663086,1
1509340523572,0.7843323,-3.0052338,-1.4845886,4
1509340523592,4.6575317,-2.6315613,5.084656,1
1509340523592,0.6166382,-2.8984222,-1.4781799,4
1509340523612,5.1621704,-2.4458923,4.7871094,1
1509340523612,0.46603394,-2.6709137,-1.4536133,4
1509340523632,5.3406982,-2.5601501,4.0825195,1
1509340523634,0.47564697,-2.3910675,-1.4002075,4
1509340523651,5.2788086,-1.9507751,3.6659546,1
1509340523652,0.6027527,-2.1678314,-1.3574829,4
1509340523671,5.4525757,-1.4009094,3.1755981,1
1509340523672,0.6016846,-2.0118866,-1.283783,4
1509340523691,5.769165,-0.82724,2.7756958,1
1509340523692,0.47244263,-1.8516693,-1.20047,4
1509340523711,5.947693,-0.37734985,2.5686035,1
1509340523712,0.26843262,-1.6305695,-1.0755005,4
1509340523731,6.083374,-0.23690796,2.1210938,1
1509340523732,0.06121826,-1.3635406,-0.9558716,4
1509340523751,5.9643555,-0.09408569,1.5093384,1
1509340523752,-0.023162842,-1.1136017,-0.80740356,4
1509340523771,5.954834,0.3010559,1.3308105,1
1509340523772,-0.0904541,-0.9117279,-0.6567993,4
1509340523791,5.9786377,0.39151,1.1427612,1
1509340523792,-0.23678589,-0.73976135,-0.46240234,4
1509340523811,5.890564,0.25820923,0.7928467,1
1509340523812,-0.43225098,-0.51652527,-0.23596191,4
1509340523830,5.6644287,0.22250366,0.42626953,1
1509340523832,-0.6351929,-0.2313385,0.018249512,4
1509340523851,5.359741,0.15823364,0.29296875,1
1509340523852,-0.78152466,0.07627869,0.28100586,4
1509340523870,5.0788574,0.2106018,0.6357422,1
1509340523871,-0.8605652,0.40953064,0.52560425,4
1509340523890,4.850342,0.029693604,1.2355957,1
1509340523891,-0.9171753,0.72569275,0.77127075,4
1509340523910,4.871765,0.2272644,1.2451172,1
1509340523911,-0.9876709,0.9937897,1.0340271,4
1509340523929,5.2788086,0.37960815,0.7333374,1
1509340523930,-1.1147766,1.2212982,1.3459167,4
1509340523949,5.428772,0.5795593,0.07159424,1
1509340523950,-1.2226562,1.5630951,1.7411194,4
1509340523969,5.100281,0.3010559,-0.014099121,1
1509340523970,-1.2611084,2.007431,2.1875916,4
1509340523989,4.2076416,0.04159546,0.9785156,1
1509340523990,-1.1852722,2.5340118,2.6575623,4
1509340524009,3.0864868,-0.513031,1.6569214,1
1509340524010,-1.1030273,3.0509796,3.1264648,4
1509340524029,2.2509766,-0.9676819,1.9425659,1
1509340524030,-0.9588318,3.4269562,3.5836182,4
1509340524048,1.7058716,-1.5913391,1.6164551,1
1509340524050,-0.636261,3.7719574,3.99057,4
1509340524068,0.82037354,-3.1957092,2.1639404,1
1509340524069,-0.026367188,4.37117,4.408203,4
1509340524088,-1.6242676,-4.952423,2.3757935,1
1509340524089,0.89541626,5.3517,4.731842,4
1509340524108,-5.0543823,-5.273773,2.206787,1
1509340524110,1.8396301,6.151718,4.7553406,4
1509340524128,-7.7299194,-3.8265076,1.0808716,1
1509340524129,2.80307,6.3023224,4.5054016,4
1509340524148,-9.477112,-2.0935974,1.0618286,1
1509340524149,3.6703796,6.612076,4.0589294,4
1509340524168,-11.683716,1.6412048,-5.510376,1
1509340524169,3.5870667,7.5637665,3.4778748,4
1509340524187,2.9746094,-20.00589,19.466858,1
1509340524189,-1.145752,-2.9379425,-2.3198547,4
1509340524208,-10.960083,-8.806244,19.466858,1
1509340524209,2.7357788,-4.156662,1.1226807,4
1509340524228,6.052429,16.394745,1.3355713,1
1509340524229,2.5136108,-1.848465,-1.598877,4
1509340524247,3.9005737,5.187958,3.3422241,1
1509340524249,-1.5612488,-2.441269,-0.058654785,4
1509340524267,-1.0410767,-3.3242493,2.1591797,1
1509340524268,-4.41098,0.97135925,0.662323,4
1509340524287,-3.1048584,-4.195465,0.99279785,1
1509340524288,-2.1134644,3.1118622,-0.8800354,4
1509340524307,-7.0776978,-1.7579651,2.8328247,1
1509340524308,-0.6950073,2.480606,-0.3961792,4
1509340524326,-6.2160034,-3.1980896,1.96875,1
1509340524327,-0.23251343,1.154007,-0.14944458,4
1509340524347,-3.6047363,-2.3244934,1.5426636,1
1509340524348,1.4572449,0.40205383,-0.103515625,4
1509340524367,-2.8549194,-0.42495728,2.9589844,1
1509340524367,2.5670166,0.23435974,0.049224854,4
1509340524386,-3.4690552,0.474823,6.1748657,1
1509340524387,2.2401733,0.39457703,0.025726318,4
1509340524406,-8.101257,-4.8453064,15.674927,1
1509340524407,1.0866089,-0.30717468,0.40597534,4
1509340524426,-6.301697,-7.030487,16.486633,1
1509340524427,-0.24746704,-0.8070526,0.015045166,4
1509340524446,-4.147461,-6.4615784,15.303589,1
1509340524447,-0.48672485,-0.9832916,-0.0874939,4
1509340524466,-3.5238037,-4.238312,11.509277,1
1509340524467,-0.20474243,-0.6949005,-0.26480103,4
1509340524486,-4.0093994,-2.9671936,7.8411255,1
1509340524487,-0.23144531,-0.6511078,-0.29577637,4
1509340524505,-3.261963,-2.1721497,5.594055,1
1509340524506,-0.6351929,-0.87968445,-0.33850098,4
1509340524525,-2.0622559,-2.3625793,5.56073,1
1509340524526,-0.98553467,-1.0687408,-0.28295898,4
1509340524545,-0.93634033,-3.6027527,7.3674316,1
1509340524546,-1.0186462,-0.88075256,-0.16867065,4
1509340524565,-0.72924805,-5.38089,10.154846,1
1509340524567,-0.77297974,-0.45457458,0.016113281,4
1509340524585,-1.0363159,-7.594635,11.421204,1
1509340524586,-0.5593567,-0.25376892,0.026794434,4
1509340524604,-1.4052734,-7.068573,10.107239,1
1509340524606,-0.31903076,-0.31037903,-0.028747559,4
1509340524624,-1.1505737,-5.2880554,8.540955,1
1509340524626,-0.029571533,-0.3990326,-0.09069824,4
1509340524644,-0.63879395,-4.3263855,6.7842407,1
1509340524645,0.03451538,-0.23240662,-0.11206055,4
1509340524664,-0.58880615,-4.219269,7.714966,1
1509340524666,0.13171387,0.07627869,0.033203125,4
1509340524684,-1.967041,-4.4620667,8.4314575,1
1509340524685,0.2673645,0.48109436,0.13253784,4
1509340524704,-3.1619873,-4.4358826,9.052734,1
1509340524705,0.33251953,0.4704132,0.14108276,4
1509340524724,-3.2976685,-4.528717,9.338379,1
1509340524725,0.21929932,0.20018005,0.10583496,4
1509340524743,-2.8882446,-4.490631,9.307434,1
1509340524744,0.12637329,0.031417847,0.0524292,4
1509340524764,-2.833496,-4.143097,8.840881,1
1509340524765,0.06655884,0.032485962,0.023590088,4
1509340524783,-2.7906494,-3.964569,8.452881,1
1509340524785,-0.01889038,0.022872925,0.0022277832,4
1509340524803,-2.5716553,-4.1073914,8.581421,1
1509340524804,-0.111816406,-0.034805298,-0.020202637,4
1509340524823,-2.2931519,-4.48349,8.7456665,1
1509340524824,-0.20687866,-0.02519226,-0.024475098,4
1509340524843,-2.4597778,-4.7048645,8.712341,1
1509340524844,-0.23999023,0.032485962,-0.025543213,4
1509340524863,-2.6383057,-4.914337,8.721863,1
1509340524864,-0.21115112,0.02180481,-0.036224365,4
1509340524883,-2.576416,-4.9214783,8.648071,1
1509340524884,-0.12783813,-0.042282104,-0.03942871,4
1509340524902,-2.2574463,-4.7191467,8.607605,1
1509340524903,-0.05947876,-0.07432556,-0.040496826,4
1509340524922,-2.1289062,-4.600128,8.426697,1
1509340524923,-0.06375122,-0.04548645,-0.03729248,4
1509340524942,-2.171753,-4.752472,8.526672,1
1509340524943,-0.09579468,-0.008102417,-0.03302002,4
1509340524963,-2.190796,-4.945282,8.6623535,1
1509340524964,-0.09579468,-0.009170532,-0.022338867,4
1509340524982,-2.1550903,-4.9500427,8.738525,1
1509340524983,-0.047729492,-0.017715454,-0.013793945,4
1509340525002,-2.1027222,-4.8595886,8.688538,1
1509340525003,0.0046081543,-0.0059661865,-0.004180908,4
1509340525021,-2.15271,-4.7001038,8.6623535,1
1509340525023,0.03024292,0.02180481,0.008636475,4
1509340525042,-2.2717285,-4.6763,8.526672,1
1509340525043,0.013153076,0.03996277,0.016113281,4
1509340525061,-2.3312378,-4.7834167,8.555237,1
1509340525062,-0.01461792,0.042099,0.021453857,4
1509340525082,-2.4264526,-4.8143616,8.612366,1
1509340525083,-0.01461792,0.033554077,0.016113281,4
1509340525101,-2.447876,-4.914337,8.588562,1
1509340525102,0.0014038086,0.020736694,0.006500244,4
1509340525121,-2.4359741,-4.8191223,8.655212,1
1509340525122,0.033447266,0.013259888,-0.003112793,4
1509340525141,-2.4359741,-4.669159,8.650452,1
1509340525142,0.04840088,0.008987427,-0.0063171387,4
1509340525161,-2.3931274,-4.600128,8.645691,1
1509340525161,0.041992188,0.0015106201,-0.0063171387,4
1509340525181,-2.3740845,-4.6025085,8.669495,1
1509340525181,0.011016846,-0.010238647,-0.0052490234,4
1509340525200,-2.338379,-4.7096252,8.617126,1
1509340525201,-0.01461792,-0.013442993,-0.004180908,4
1509340525220,-2.3121948,-4.8000793,8.709961,1
1509340525221,-0.019958496,-0.0070343018,0.0022277832,4
1509340525240,-2.3217163,-4.7810364,8.717102,1
1509340525241,-0.006072998,-0.0070343018,0.006500244,4
1509340525260,-2.3098145,-4.714386,8.671875,1
1509340525261,0.0067443848,-0.003829956,0.006500244,4
1509340525280,-2.2693481,-4.759613,8.636169,1
1509340525281,0.0024719238,-6.2561035E-4,0.00970459,4
1509340525300,-2.3336182,-4.7167664,8.657593,1
1509340525301,0.0067443848,4.4250488E-4,0.0075683594,4
1509340525320,-2.3240967,-4.778656,8.607605,1
1509340525321,-0.0028686523,0.005783081,0.012908936,4
1509340525339,-2.3502808,-4.752472,8.531433,1
1509340525340,-0.006072998,0.005783081,0.00970459,4
1509340525359,-2.3978882,-4.8381653,8.617126,1
1509340525361,-0.005004883,0.004714966,0.010772705,4
1509340525379,-2.383606,-4.7167664,8.6813965,1
1509340525387,0.0046081543,-6.2561035E-4,0.0043640137,4
1509340525399,-2.3217163,-4.747711,8.624268,1
1509340525400,0.0024719238,-0.0027618408,-0.0020446777,4
1509340525419,-2.34552,-4.7429504,8.64093,1
1509340525420,0.003540039,0.0015106201,-0.004180908,4
1509340525439,-2.3312378,-4.714386,8.669495,1
1509340525440,0.0078125,0.0036468506,-0.004180908,4
1509340525459,-2.326477,-4.7738953,8.643311,1
1509340525460,0.003540039,0.004714966,-0.008453369,4
1509340525479,-2.3931274,-4.759613,8.588562,1
1509340525480,0.0046081543,0.012191772,-0.003112793,4
1509340525498,-2.390747,-4.7120056,8.614746,1
1509340525500,0.003540039,0.008987427,-0.003112793,4
1509340525518,-2.326477,-4.74057,8.667114,1
1509340525519,-7.324219E-4,-0.003829956,-0.003112793,4
1509340525538,-2.2979126,-4.7167664,8.690918,1
1509340525541,3.3569336E-4,-0.009170532,-0.0020446777,4
1509340525558,-2.338379,-4.7167664,8.600464,1
1509340525559,3.3569336E-4,-6.2561035E-4,0.0022277832,4
1509340525578,-2.3359985,-4.7738953,8.645691,1
1509340525579,3.3569336E-4,0.0036468506,0.006500244,4
1509340525598,-2.3574219,-4.728668,8.700439,1
1509340525599,0.0014038086,0.0025787354,0.005432129,4
1509340525618,-2.3764648,-4.721527,8.657593,1
1509340525619,-0.0071411133,4.4250488E-4,0.0043640137,4
1509340525638,-2.4074097,-4.745331,8.669495,1
1509340525639,-0.005004883,-0.003829956,0.0032958984,4
1509340525657,-2.3812256,-4.733429,8.655212,1
1509340525658,0.0014038086,-0.003829956,0.0032958984,4
1509340525677,-2.3526611,-4.759613,8.633789,1
1509340525678,3.3569336E-4,-0.0059661865,9.1552734E-5,4
1509340525697,-2.3336182,-4.7167664,8.645691,1
1509340525698,0.0014038086,-0.0048980713,0.001159668,4
1509340525717,-2.3336182,-4.747711,8.650452,1
1509340525718,-0.0028686523,-6.2561035E-4,9.1552734E-5,4
1509340525736,-2.3407593,-4.7358093,8.619507,1
1509340525738,-0.0082092285,0.0036468506,0.001159668,4
1509340525757,-2.3526611,-4.7572327,8.659973,1
1509340525758,-0.0082092285,0.0015106201,0.001159668,4
1509340525777,-2.300293,-4.7953186,8.593323,1
1509340525777,-0.006072998,-0.0027618408,-0.0020446777,4
1509340525796,-2.3550415,-4.759613,8.645691,1
1509340525797,3.3569336E-4,0.0015106201,-0.0020446777,4
1509340525816,-2.3217163,-4.745331,8.600464,1
1509340525817,0.0046081543,-0.0016937256,-0.0020446777,4
1509340525836,-2.319336,-4.7001038,8.629028,1
1509340525837,0.0067443848,-0.0016937256,-9.765625E-4,4
1509340525856,-2.2931519,-4.707245,8.633789,1
1509340525857,0.0014038086,0.0036468506,9.1552734E-5,4
1509340525876,-2.338379,-4.745331,8.624268,1
1509340525877,-0.006072998,0.0079193115,9.1552734E-5,4
1509340525896,-2.3550415,-4.747711,8.6623535,1
1509340525897,-0.009277344,0.005783081,0.001159668,4
1509340525916,-2.326477,-4.745331,8.57666,1
1509340525917,-0.009277344,0.004714966,0.001159668,4
1509340525935,-2.40979,-4.752472,8.607605,1
1509340525936,-0.006072998,0.0015106201,9.1552734E-5,4
1509340525955,-2.3764648,-4.7691345,8.631409,1
1509340525957,-0.0039367676,4.4250488E-4,-9.765625E-4,4
1509340525975,-2.3883667,-4.747711,8.619507,1
1509340525977,-0.0039367676,-0.0027618408,-9.765625E-4,4
1509340525995,-2.3312378,-4.7429504,8.657593,1
1509340525996,-0.005004883,-0.0027618408,-9.765625E-4,4
1509340526015,-2.3407593,-4.728668,8.650452,1
1509340526016,-0.006072998,-0.0016937256,0.001159668,4
1509340526035,-2.3502808,-4.785797,8.614746,1
1509340526036,-0.009277344,-0.0027618408,0.001159668,4
1509340526055,-2.319336,-4.7691345,8.5980835,1
1509340526056,-0.0039367676,-0.0027618408,-9.765625E-4,4
1509340526074,-2.3336182,-4.771515,8.671875,1
1509340526075,-7.324219E-4,-0.0048980713,-0.004180908,4
1509340526094,-2.3764648,-4.7429504,8.648071,1
1509340526095,3.3569336E-4,-0.0016937256,-0.0020446777,4
1509340526114,-2.300293,-4.745331,8.650452,1
1509340526116,-7.324219E-4,-0.0016937256,-0.0020446777,4
1509340526134,-2.3550415,-4.74057,8.657593,1
1509340526135,-0.0039367676,0.0015106201,0.001159668,4
1509340526154,-2.3931274,-4.7096252,8.648071,1
1509340526155,-0.0082092285,0.0036468506,-9.765625E-4,4
1509340526174,-2.3669434,-4.7358093,8.631409,1
1509340526178,-0.011413574,-0.0016937256,9.1552734E-5,4
1509340526193,-2.3479004,-4.726288,8.605225,1
1509340526194,-0.010345459,-0.0070343018,-0.003112793,4
1509340526213,-2.3145752,-4.7381897,8.657593,1
1509340526215,-0.006072998,-0.010238647,9.1552734E-5,4
1509340526233,-2.2836304,-4.752472,8.7052,1
1509340526235,-0.0028686523,-0.011306763,-0.003112793,4
1509340526253,-2.3026733,-4.790558,8.659973,1
1509340526255,-0.005004883,-0.0059661865,-0.0020446777,4
1509340526273,-2.3550415,-4.7429504,8.624268,1
1509340526274,-0.005004883,-0.0070343018,9.1552734E-5,4
1509340526293,-2.2979126,-4.7548523,8.636169,1
1509340526295,-0.012481689,-0.014511108,-9.765625E-4,4
1509340526313,-2.224121,-4.8262634,8.619507,1
1509340526315,-0.01461792,-0.0059661865,0.001159668,4
1509340526332,-2.3526611,-4.831024,8.652832,1
1509340526334,-0.0082092285,0.010055542,0.006500244,4
1509340526352,-2.3217163,-4.7691345,8.664734,1
1509340526354,-0.0071411133,0.0079193115,0.0043640137,4
1509340526372,-2.2645874,-4.7619934,8.643311,1
1509340526373,-0.013549805,4.4250488E-4,0.0043640137,4
1509340526392,-2.2717285,-4.771515,8.590942,1
1509340526393,-0.019958496,0.0025787354,0.0075683594,4
1509340526412,-2.300293,-4.785797,8.5980835,1
1509340526414,-0.021026611,0.013259888,0.00970459,4
1509340526432,-2.34552,-4.7953186,8.586182,1
1509340526433,-0.017822266,0.012191772,0.006500244,4
1509340526452,-2.3740845,-4.8000793,8.590942,1
1509340526454,-0.011413574,0.012191772,0.006500244,4
1509340526472,-2.4502563,-4.7810364,8.609985,1
1509340526473,-0.005004883,0.010055542,0.0022277832,4
1509340526491,-2.4240723,-4.797699,8.629028,1
1509340526492,-0.0018005371,0.0025787354,-0.0020446777,4
1509340526511,-2.383606,-4.7572327,8.626648,1
1509340526513,3.3569336E-4,0.004714966,-0.003112793,4
1509340526531,-2.3693237,-4.7691345,8.64093,1
1509340526532,-0.0039367676,-6.2561035E-4,-0.004180908,4
1509340526551,-2.338379,-4.80484,8.631409,1
1509340526552,-0.0039367676,-0.0059661865,-0.004180908,4
1509340526571,-2.3050537,-4.771515,8.609985,1
1509340526572,-0.006072998,0.004714966,-9.765625E-4,4
1509340526591,-2.3359985,-4.790558,8.5980835,1
1509340526593,-0.0039367676,0.012191772,0.001159668,4
1509340526610,-2.3431396,-4.8215027,8.676636,1
1509340526612,-0.0039367676,0.010055542,-9.765625E-4,4
1509340526630,-2.34552,-4.8572083,8.609985,1
1509340526631,-0.0028686523,0.0079193115,-0.003112793,4
1509340526650,-2.319336,-4.811981,8.5980835,1
1509340526652,0.0024719238,0.0036468506,-0.0020446777,4
1509340526670,-2.3502808,-4.80484,8.645691,1
1509340526672,0.0067443848,4.4250488E-4,-0.0020446777,4
1509340526690,-2.3240967,-4.785797,8.650452,1
1509340526691,0.008880615,-0.003829956,9.1552734E-5,4
1509340526710,-2.3431396,-4.790558,8.652832,1
1509340526712,0.0014038086,-0.0016937256,9.1552734E-5,4
1509340526730,-2.3978882,-4.8072205,8.629028,1
1509340526731,-0.0028686523,0.0025787354,-9.765625E-4,4
1509340526749,-2.3931274,-4.7738953,8.57666,1
1509340526751,-0.006072998,4.4250488E-4,9.1552734E-5,4
1509340526769,-2.3883667,-4.8143616,8.545715,1
1509340526772,-0.0039367676,4.4250488E-4,0.0043640137,4
1509340526789,-2.338379,-4.8334045,8.612366,1
1509340526791,0.0014038086,4.4250488E-4,0.0022277832,4
1509340526809,-2.4121704,-4.831024,8.583801,1
1509340526810,0.011016846,-0.0016937256,0.0043640137,4
1509340526829,-2.3883667,-4.790558,8.562378,1
1509340526831,0.017425537,-0.0016937256,0.001159668,4
1509340526849,-2.402649,-4.790558,8.626648,1
1509340526850,0.015289307,-0.008102417,0.001159668,4
1509340526869,-2.3621826,-4.747711,8.607605,1
1509340526870,0.014221191,-0.008102417,9.1552734E-5,4
1509340526889,-2.3407593,-4.747711,8.664734,1
1509340526890,0.0067443848,-0.009170532,9.1552734E-5,4
1509340526908,-2.2788696,-4.785797,8.57666,1
1509340526910,0.008880615,-0.012374878,9.1552734E-5,4
1509340526928,-2.2645874,-4.745331,8.633789,1
1509340526929,0.0078125,-0.010238647,-9.765625E-4,4
1509340526948,-2.319336,-4.7810364,8.667114,1
1509340526949,0.0078125,-0.009170532,9.1552734E-5,4
1509340526968,-2.2598267,-4.8262634,8.624268,1
1509340526969,0.0099487305,-0.0027618408,0.0043640137,4
1509340526988,-2.319336,-4.7881775,8.657593,1
1509340526989,0.008880615,0.0036468506,0.006500244,4
1509340527007,-2.3431396,-4.80484,8.5980835,1
1509340527009,0.0014038086,0.004714966,0.01184082,4
1509340527028,-2.3621826,-4.7834167,8.629028,1
1509340527029,3.3569336E-4,4.4250488E-4,0.008636475,4
1509340527048,-2.3812256,-4.7881775,8.562378,1
1509340527049,0.0014038086,0.004714966,0.0075683594,4
1509340527068,-2.4145508,-4.797699,8.648071,1
1509340527069,0.0014038086,4.4250488E-4,0.005432129,4
1509340527088,-2.3740845,-4.7691345,8.669495,1
1509340527089,0.0024719238,-0.0070343018,0.0022277832,4
1509340527107,-2.3240967,-4.7953186,8.645691,1
1509340527108,3.3569336E-4,-6.2561035E-4,0.0032958984,4
1509340527127,-2.3336182,-4.752472,8.619507,1
1509340527129,-7.324219E-4,0.0015106201,0.001159668,4
1509340527147,-2.3669434,-4.745331,8.602844,1
1509340527149,-0.0018005371,0.0025787354,-0.003112793,4
1509340527166,-2.3550415,-4.7810364,8.683777,1
1509340527168,-0.005004883,0.004714966,9.1552734E-5,4
1509340527187,-2.390747,-4.792938,8.607605,1
1509340527188,-0.006072998,-0.0027618408,9.1552734E-5,4
1509340527206,-2.319336,-4.823883,8.57428,1
1509340527207,-0.0082092285,-0.011306763,-0.0020446777,4
1509340527226,-2.2836304,-4.8191223,8.579041,1
1509340527227,-0.0082092285,-0.0059661865,9.1552734E-5,4
1509340527246,-2.307434,-4.7691345,8.559998,1
1509340527247,-0.0028686523,0.0036468506,0.0032958984,4
1509340527266,-2.3526611,-4.764374,8.657593,1
1509340527267,-0.0071411133,0.005783081,0.0075683594,4
1509340527286,-2.3621826,-4.816742,8.6623535,1
1509340527287,-0.0039367676,0.005783081,0.006500244,4
1509340527306,-2.421692,-4.835785,8.602844,1
1509340527307,-0.0039367676,0.004714966,0.0032958984,4
1509340527325,-2.3883667,-4.835785,8.590942,1
1509340527327,0.003540039,-6.2561035E-4,0.0022277832,4
1509340527345,-2.371704,-4.7953186,8.624268,1
1509340527347,0.0099487305,-0.003829956,-9.765625E-4,4
1509340527365,-2.4145508,-4.7762756,8.714722,1
1509340527366,0.0067443848,-0.0059661865,-9.765625E-4,4
1509340527385,-2.319336,-4.7619934,8.664734,1
1509340527386,0.0024719238,-0.008102417,-0.0052490234,4
1509340527405,-2.3217163,-4.778656,8.6623535,1
1509340527406,-0.0039367676,-0.0027618408,-9.765625E-4,4
1509340527425,-2.3312378,-4.7834167,8.624268,1
1509340527426,-0.005004883,0.004714966,9.1552734E-5,4
1509340527445,-2.338379,-4.7810364,8.586182,1
1509340527446,-0.005004883,0.005783081,0.001159668,4
1509340527464,-2.3740845,-4.8072205,8.612366,1
1509340527466,-0.0028686523,-6.2561035E-4,9.1552734E-5,4
1509340527485,-2.319336,-4.809601,8.579041,1
1509340527487,0.003540039,-6.2561035E-4,9.1552734E-5,4
1509340527504,-2.3669434,-4.728668,8.579041,1
1509340527506,0.0078125,4.4250488E-4,-9.765625E-4,4
1509340527524,-2.364563,-4.778656,8.5980835,1
1509340527525,0.008880615,-0.0016937256,9.1552734E-5,4
1509340527544,-2.3550415,-4.778656,8.64093,1
1509340527545,0.0056762695,0.0025787354,0.0032958984,4
1509340527564,-2.3526611,-4.7762756,8.6623535,1
1509340527565,3.3569336E-4,0.004714966,0.0032958984,4
1509340527584,-2.402649,-4.771515,8.619507,1
1509340527585,-0.0039367676,0.0068511963,0.0022277832,4
1509340527604,-2.4002686,-4.8024597,8.617126,1
1509340527605,-0.0028686523,4.4250488E-4,0.001159668,4
1509340527623,-2.383606,-4.8072205,8.593323,1
1509340527626,-7.324219E-4,-6.2561035E-4,0.0022277832,4
1509340527643,-2.402649,-4.790558,8.636169,1
1509340527645,-7.324219E-4,4.4250488E-4,0.0022277832,4
1509340527663,-2.4002686,-4.828644,8.559998,1
1509340527665,3.3569336E-4,0.0015106201,0.001159668,4
1509340527683,-2.3574219,-4.778656,8.655212,1
1509340527687,0.0024719238,-6.2561035E-4,-9.765625E-4,4
1509340527703,-2.3407593,-4.7834167,8.607605,1
1509340527704,0.0014038086,-0.0027618408,0.001159668,4
1509340527722,-2.3669434,-4.7738953,8.636169,1
1509340527724,0.0014038086,-6.2561035E-4,0.001159668,4
1509340527743,-2.3479004,-4.7834167,8.590942,1
1509340527744,0.0014038086,-0.0027618408,0.0022277832,4
1509340527763,-2.3740845,-4.8000793,8.57666,1
1509340527764,-7.324219E-4,-0.0027618408,0.001159668,4
1509340527783,-2.3550415,-4.8215027,8.619507,1
1509340527784,0.003540039,-0.0027618408,-0.0020446777,4
1509340527802,-2.3479004,-4.778656,8.590942,1
1509340527804,0.0046081543,-6.2561035E-4,9.1552734E-5,4
1509340527822,-2.34552,-4.778656,8.595703,1
1509340527823,0.0067443848,-6.2561035E-4,9.1552734E-5,4
1509340527842,-2.3050537,-4.7500916,8.590942,1
1509340527843,0.0046081543,4.4250488E-4,9.1552734E-5,4
1509340527862,-2.3812256,-4.7834167,8.621887,1
1509340527863,0.003540039,0.0025787354,0.0022277832,4
1509340527882,-2.3598022,-4.7738953,8.64093,1
1509340527883,-0.0018005371,0.0025787354,0.005432129,4
1509340527902,-2.3479004,-4.8381653,8.652832,1
1509340527903,-7.324219E-4,-0.0016937256,0.001159668,4
1509340527921,-2.3479004,-4.790558,8.559998,1
1509340527923,0.0014038086,0.0036468506,0.001159668,4
1509340527941,-2.4145508,-4.8191223,8.5980835,1
1509340527942,0.0046081543,-0.0027618408,-9.765625E-4,4
1509340527962,-2.3574219,-4.752472,8.567139,1
1509340527963,0.0056762695,-0.0070343018,-0.003112793,4
1509340527981,-2.319336,-4.7810364,8.686157,1
1509340527982,0.003540039,-0.0027618408,-0.004180908,4
1509340528001,-2.3431396,-4.745331,8.643311,1
1509340528002,0.0014038086,0.0015106201,-9.765625E-4,4
1509340528020,-2.3359985,-4.7881775,8.652832,1
1509340528022,-0.0039367676,0.0068511963,-0.003112793,4
1509340528040,-2.3621826,-4.764374,8.63855,1
1509340528041,-0.006072998,0.0068511963,-0.0020446777,4
1509340528060,-2.3693237,-4.8524475,8.633789,1
1509340528062,-0.0039367676,-0.0016937256,9.1552734E-5,4
1509340528080,-2.3098145,-4.8215027,8.5980835,1
1509340528082,-0.0018005371,-0.011306763,-0.0020446777,4
1509340528100,-2.3050537,-4.8262634,8.593323,1
1509340528101,0.0024719238,-6.2561035E-4,0.0022277832,4
1509340528120,-2.34552,-4.797699,8.595703,1
1509340528121,0.0056762695,0.005783081,0.0032958984,4
1509340528140,-2.371704,-4.811981,8.583801,1
1509340528141,0.0024719238,0.008987427,0.005432129,4
1509340528159,-2.428833,-4.809601,8.550476,1
1509340528161,0.0014038086,0.005783081,0.0043640137,4
1509340528179,-2.4121704,-4.797699,8.667114,1
1509340528181,3.3569336E-4,-6.2561035E-4,0.001159668,4
1509340528199,-2.3550415,-4.792938,8.650452,1
1509340528200,0.0014038086,-0.0070343018,-0.003112793,4
1509340528219,-2.338379,-4.809601,8.619507,1
1509340528220,0.0056762695,-0.003829956,-0.003112793,4
1509340528239,-2.3598022,-4.771515,8.664734,1
1509340528240,0.008880615,-0.003829956,9.1552734E-5,4
1509340528259,-2.3026733,-4.7548523,8.655212,1
1509340528260,0.0056762695,-0.0059661865,-9.765625E-4,4
1509340528279,-2.326477,-4.797699,8.617126,1
1509340528280,0.0024719238,-6.2561035E-4,-9.765625E-4,4
1509340528299,-2.3574219,-4.778656,8.626648,1
1509340528300,-0.0018005371,0.0079193115,0.001159668,4
1509340528318,-2.4050293,-4.7834167,8.652832,1
1509340528319,-7.324219E-4,0.0025787354,0.001159668,4
1509340528338,-2.3669434,-4.8000793,8.626648,1
1509340528340,0.0014038086,-0.0027618408,-0.003112793,4
1509340528358,-2.3574219,-4.8262634,8.557617,1
1509340528359,0.0078125,4.4250488E-4,-0.003112793,4
1509340528378,-2.2836304,-4.778656,8.664734,1
1509340528379,0.0099487305,-0.0027618408,-0.003112793,4
1509340528398,-2.319336,-4.7381897,8.602844,1
1509340528399,0.0078125,0.0015106201,-9.765625E-4,4
1509340528418,-2.3598022,-4.7691345,8.693298,1
1509340528419,0.0014038086,0.0036468506,0.0032958984,4
1509340528438,-2.3598022,-4.7691345,8.569519,1
1509340528440,-0.0039367676,0.0079193115,0.006500244,4
1509340528457,-2.3693237,-4.7834167,8.614746,1
1509340528460,-0.0028686523,0.004714966,0.0032958984,4
1509340528477,-2.4193115,-4.7834167,8.588562,1
1509340528482,-0.0018005371,0.0015106201,0.0022277832,4
1509340528497,-2.3955078,-4.8262634,8.600464,1
1509340528499,-7.324219E-4,-6.2561035E-4,-9.765625E-4,4
1509340528517,-2.3169556,-4.728668,8.645691,1
