1509340576063,-8.175049,-1.1438293,5.2893677,1
1509340576063,-0.0077667236,-0.0010223389,0.007965088,4
1509340576078,-8.122681,-0.90341187,5.3512573,1
1509340576079,-2.89917E-4,-0.0074310303,0.009033203,4
1509340576097,-8.089355,-0.92245483,5.4417114,1
1509340576097,0.0018463135,-0.013839722,0.0154418945,4
1509340576117,-8.148865,-0.98672485,5.4036255,1
1509340576117,0.005050659,-0.015975952,0.01864624,4
1509340576137,-8.110779,-0.9914856,5.4345703,1
1509340576137,-0.0013580322,-0.021316528,0.019714355,4
1509340576159,-8.139343,-0.9486389,5.4536133,1
1509340576159,-0.012039185,-0.020248413,0.021850586,4
1509340576178,-8.1203,-0.99386597,5.4869385,1
1509340576179,-0.0066986084,-0.012771606,0.023986816,4
1509340576198,-8.170288,-1.0343323,5.444092,1
1509340576199,-2.89917E-4,-0.0031585693,0.02078247,4
1509340576216,-8.108398,-0.9819641,5.3655396,1
1509340576217,-0.0024261475,-0.0031585693,0.01651001,4
1509340576236,-8.075073,-0.99386597,5.439331,1
1509340576237,-0.005630493,-0.0031585693,0.017578125,4
1509340576256,-8.046509,-0.9843445,5.439331,1
1509340576257,-0.0034942627,-0.0031585693,0.0154418945,4
1509340576276,-7.977478,-1.2438049,5.444092,1
1509340576277,0.005050659,0.0043182373,0.003692627,4
1509340576296,-8.05127,-0.77963257,5.503601,1
1509340576296,0.017868042,-0.017044067,0.0058288574,4
1509340576316,-8.098877,-0.9819641,5.3964844,1
1509340576317,-0.0034942627,-0.012771606,0.012237549,4
1509340576335,-8.11554,-1.0628967,5.4797974,1
1509340576336,-0.0024261475,-0.014907837,0.012237549,4
1509340576355,-8.18457,-0.9605408,5.484558,1
1509340576356,0.005050659,-0.011703491,0.010101318,4
1509340576375,-8.146484,-0.8986511,5.3917236,1
1509340576376,0.0071868896,-0.015975952,0.010101318,4
1509340576395,-8.136963,-0.96292114,5.3203125,1
1509340576396,0.003982544,-0.024520874,0.017578125,4
1509340576415,-8.148865,-0.97958374,5.5059814,1
1509340576416,0.005050659,-0.028793335,0.017578125,4
1509340576435,-8.1536255,-0.99386597,5.5131226,1
1509340576436,0.021072388,-0.019180298,0.017578125,4
1509340576455,-8.129822,-0.9248352,5.522644,1
1509340576456,0.03816223,-0.006362915,0.019714355,4
1509340576475,-8.098877,-0.8677063,5.4797974,1
1509340576476,0.048843384,4.5776367E-5,0.031463623,4
1509340576495,-8.165527,-0.910553,5.508362,1
1509340576495,0.055252075,0.003250122,0.062438965,4
1509340576515,-8.191711,-1.0795593,5.5202637,1
1509340576515,0.057388306,-0.015975952,0.103027344,4
1509340576535,-8.18219,-1.2985535,5.5178833,1
1509340576535,0.0712738,-0.055496216,0.14682007,4
1509340576555,-8.315491,-1.2866516,5.548828,1
1509340576556,0.07447815,-0.07258606,0.19274902,4
1509340576574,-8.398804,-1.1533508,5.3893433,1
1509340576575,0.100112915,-0.09288025,0.24081421,4
1509340576594,-8.472595,-1.0938416,5.1798706,1
1509340576594,0.100112915,-0.12812805,0.29849243,4
1509340576617,-8.424988,-0.8748474,5.034668,1
1509340576617,0.06700134,-0.16551208,0.3732605,4
1509340576634,-8.398804,-0.87246704,5.1084595,1
1509340576634,-0.0034942627,-0.19328308,0.47045898,4
1509340576660,-8.31073,-0.84866333,5.2060547,1
1509340576661,-0.056900024,-0.23173523,0.57406616,4
1509340576674,-8.341675,-0.7272644,5.298889,1
1509340576675,-0.103897095,-0.25737,0.6819458,4
1509340576693,-8.151245,-0.54159546,5.9106445,1
1509340576694,-0.14982605,-0.3075714,0.76846313,4
1509340576713,-8.175049,-0.44638062,6.162964,1
1509340576714,-0.17866516,-0.32572937,0.8656616,4
1509340576733,-8.091736,-0.03933716,6.029663,1
1509340576735,-0.17866516,-0.32572937,0.9831543,4
1509340576753,-8.063171,0.1701355,5.8606567,1
1509340576759,-0.28547668,-0.3353424,1.11026,4
1509340576773,-8.148865,0.3677063,5.870178,1
1509340576774,-0.3698578,-0.29582214,1.2427063,4
1509340576793,-8.106018,0.22964478,5.636902,1
1509340576794,-0.44569397,-0.32252502,1.3441772,4
1509340576813,-8.146484,0.077301025,5.6226196,1
1509340576813,-0.45744324,-0.35243225,1.3847656,4
1509340576832,-8.05365,1.2603455,6.272461,1
1509340576833,-0.7127228,-0.22319031,1.536438,4
1509340576853,-8.315491,0.9937439,5.8154297,1
1509340576854,-0.8665314,-0.1388092,1.6080017,4
1509340576873,-8.286926,0.80093384,5.870178,1
1509340576874,-0.85157776,-0.14949036,1.6058655,4
1509340576892,-8.113159,0.7223816,6.0701294,1
1509340576893,-0.87934875,-0.14094543,1.5663452,4
1509340576913,-8.170288,0.8294983,6.112976,1
1509340576913,-0.9306183,-0.08540344,1.546051,4
1509340576932,-8.122681,1.3103333,6.4486084,1
1509340576932,-1.0214081,-0.013839722,1.5289612,4
1509340576952,-7.98938,1.4936218,6.722351,1
1509340576953,-1.178421,0.06626892,1.5108032,4
1509340576971,-8.017944,1.3888855,6.9294434,1
1509340576972,-1.2969818,0.11967468,1.4670105,4
1509340576992,-8.175049,1.360321,6.6485596,1
1509340576992,-1.3514557,0.11967468,1.4670105,4
1509340577012,-8.1536255,1.5959778,6.2772217,1
1509340577012,-1.35466,0.06413269,1.453125,4
1509340577032,-8.160767,1.0318298,6.222473,1
1509340577032,-1.4337006,-0.044815063,1.3911743,4
1509340577051,-8.472595,1.3127136,6.529541,1
1509340577052,-1.5821686,-0.10676575,1.4082642,4
1509340577071,-8.50116,1.1103821,7.029419,1
1509340577071,-1.8598785,-0.3428192,1.3217468,4
1509340577091,-8.479736,0.6057434,7.0198975,1
1509340577091,-1.9837799,-0.50624084,1.2149353,4
1509340577111,-8.420227,0.7485657,7.1746216,1
1509340577111,-2.1023407,-0.6141205,1.1455078,4
1509340577131,-8.158386,1.4745789,7.0317993,1
1509340577131,-2.326645,-0.7433624,1.1305542,4
1509340577151,-7.5704346,1.1103821,6.5128784,1
1509340577151,-2.6727142,-0.7754059,1.0589905,4
1509340577170,-7.2800293,1.4960022,5.1846313,1
1509340577171,-2.7848663,-0.8063812,0.9959717,4
1509340577190,-6.880127,2.9837341,6.0844116,1
1509340577191,-2.929062,-1.1770172,0.89663696,4
1509340577210,-6.1469727,2.8123474,5.7702026,1
1509340577210,-3.9373627,-1.4472504,0.77059937,4
1509340577230,-5.4661865,2.5100403,5.439331,1
1509340577230,-4.8174896,-1.6726227,0.74069214,4
1509340577250,-4.9472656,2.283905,6.310547,1
1509340577250,-5.5758514,-1.7783661,0.74176025,4
1509340577270,-5.0996094,0.8104553,5.81781,1
1509340577270,-5.924057,-1.7003937,0.7599182,4
1509340577290,-5.1829224,-0.9819641,4.958496,1
1509340577290,-5.5406036,-1.7794342,0.74176025,4
1509340577310,-4.5545044,-2.30307,4.0944214,1
1509340577310,-4.801468,-1.9663544,0.79196167,4
1509340577330,-3.9213257,-2.8886414,3.327942,1
1509340577331,-4.0388336,-2.0667572,1.0301514,4
1509340577350,-3.5999756,-2.6196594,2.8970947,1
1509340577351,-3.4802094,-2.0315094,1.3388367,4
1509340577369,-3.6333008,-2.5744324,2.7161865,1
1509340577370,-3.2153168,-1.96315,1.6592712,4
1509340577389,-3.8618164,-2.700592,2.4829102,1
1509340577390,-3.1512299,-1.9332428,1.9487305,4
1509340577409,-3.9974976,-2.9219666,2.468628,1
1509340577410,-3.1576385,-1.8296356,2.2157593,4
1509340577429,-4.1831665,-2.9219666,2.5424194,1
1509340577430,-3.1928864,-1.6363068,2.4656982,4
1509340577449,-4.6568604,-2.905304,2.4210205,1
1509340577450,-3.3146515,-1.3276215,2.7530212,4
1509340577469,-5.48999,-2.950531,1.923523,1
1509340577470,-3.4620514,-0.96232605,3.0627747,4
1509340577489,-6.6016235,-3.226654,1.4474487,1
1509340577490,-3.6329498,-0.67607117,3.3938904,4
1509340577508,-7.7870483,-3.4932556,0.70477295,1
1509340577509,-3.783554,-0.44322205,3.7314148,4
1509340577529,-8.998657,-3.771759,0.3453369,1
1509340577529,-3.782486,-0.26271057,4.075348,4
1509340577548,-10.42688,-3.8836365,0.3143921,1
1509340577550,-3.6425629,-0.010635376,4.445984,4
1509340577569,-12.069336,-4.150238,0.4619751,1
1509340577569,-3.3680573,0.24250793,4.809143,4
1509340577592,-13.516602,-4.6215515,0.48339844,1
1509340577593,-2.9269257,0.46574402,5.15094,4
1509340577626,-15.0043335,-5.047638,0.3953247,1
1509340577627,-2.2102203,0.74879456,5.4617615,4
1509340577642,-16.506348,-5.3070984,0.72143555,1
1509340577642,-1.2606659,1.0371857,5.7501526,4
1509340577654,-17.299011,-4.816742,-0.63061523,1
1509340577669,-0.30256653,1.234787,5.9167786,4
1509340577677,-17.151428,-3.4289856,-1.8374634,1
1509340577678,0.4077301,1.1322479,5.7565613,4
1509340577707,-16.489685,-2.4554138,-1.7684326,1
1509340577707,0.64271545,0.88230896,5.2962036,4
1509340577748,-15.532776,-2.0578918,-0.83532715,1
1509340577749,0.42481995,0.7103424,4.6638794,4
1509340577750,-14.585388,-1.6817932,0.3953247,1
1509340577750,-0.052627563,0.8064728,3.9706726,4
1509340577751,-14.075989,-1.1271667,0.5357666,1
1509340577752,-0.80992126,0.95280457,3.1054993,4
1509340577767,-13.433289,-0.79629517,0.6762085,1
1509340577767,-1.780838,0.90260315,2.3492737,4
1509340577787,-12.633484,-1.334259,0.7523804,1
1509340577789,-2.735733,0.8417206,1.6955872,4
1509340577807,-12.312134,-1.9341125,0.9237671,1
1509340577808,-3.4342804,0.92503357,1.1828918,4
1509340577830,-12.402588,-2.553009,0.8999634,1
1509340577831,-3.9544525,0.9827118,0.74069214,4
1509340577846,-11.912231,-3.1909485,0.6738281,1
1509340577847,-4.22789,0.8310394,0.41812134,4
1509340577866,-10.957703,-3.9169617,0.40246582,1
1509340577867,-4.181961,0.65159607,0.1980896,4
1509340577901,-10.569702,-4.4549255,0.4953003,1
1509340577902,-3.8551178,0.5501251,0.11904907,4
1509340577911,-10.30072,-4.823883,0.43103027,1
1509340577912,-3.263382,0.45399475,0.113708496,4
1509340577926,-9.988892,-4.873871,0.96899414,1
1509340577927,-2.541336,0.32261658,0.13720703,4
1509340577945,-9.8341675,-4.938141,1.4569702,1
1509340577947,-1.8929901,0.2403717,0.20770264,4
1509340577965,-9.772278,-4.8072205,1.9425659,1
1509340577966,-1.3642731,0.103652954,0.2546997,4
1509340577985,-9.736572,-4.790558,2.7614136,1
1509340577986,-1.1175385,-0.024520874,0.22372437,4
1509340578007,-9.827026,-4.7310486,3.3565063,1
1509340578008,-1.113266,-0.118515015,0.2621765,4
1509340578026,-9.715149,-5.5189514,3.7159424,1
1509340578027,-1.1933746,-0.17085266,0.20983887,4
1509340578046,-9.59375,-6.5901184,3.4707642,1
1509340578059,-1.3130035,-0.22319031,0.17886353,4
1509340578064,-9.627075,-7.428009,2.86615,1
1509340578065,-1.2307587,-0.312912,0.09875488,4
1509340578085,-9.617554,-7.6374817,2.090149,1
1509340578085,-0.863327,-0.5083771,-0.02407837,4
1509340578106,-9.781799,-7.6351013,1.9758911,1
1509340578106,-0.3784027,-0.67500305,-0.26867676,4
1509340578126,-9.767517,-7.5541687,1.6831055,1
1509340578127,-0.08680725,-0.8117218,-0.6361084,4
1509340578144,-9.622314,-7.749359,1.5117188,1
1509340578145,-0.05796814,-0.95484924,-1.1285095,4
1509340588875,-9.539001,-7.473236,1.1522827,1
