1509316341602,0.07887268,0.14356995,-0.071121216,4
1509316341617,8.511353,-1.9912415,1.0546875,1
1509316341618,-1.6784668E-4,0.09336853,-0.03694153,4
1509316341636,10.084778,-2.4768372,0.60479736,1
1509316341637,-0.11659241,-0.16725159,-0.06578064,4
1509316341656,9.751526,-2.4911194,0.6428833,1
1509316341657,-0.034347534,0.038894653,-0.050827026,4
1509316341685,9.480164,-2.5244446,0.6738281,1
1509316341685,0.003036499,0.004714966,-0.02519226,4
1509316341697,9.815796,-2.4601746,0.47625732,1
1509316341697,0.07246399,-0.008102417,-6.2561035E-4,4
1509316341718,9.4539795,-2.1269226,0.5119629,1
1509316341719,0.122665405,0.032485962,0.015396118,4
1509316341736,9.565857,-2.0864563,0.52386475,1
1509316341736,0.071395874,-0.04335022,-0.009170532,4
1509316341756,9.606323,-2.1221619,0.5786133,1
1509316341756,0.016921997,-0.056167603,-0.030532837,4
1509316341776,9.4539795,-2.2173767,0.58813477,1
1509316341776,-0.06211853,-0.055099487,-0.044418335,4
1509316341796,9.692017,-2.700592,0.41674805,1
1509316341797,-0.03755188,-0.07752991,-0.07752991,4
1509316341816,9.799133,-2.6672668,0.39770508,1
1509316341816,0.13121033,-0.02519226,-0.04121399,4
1509316341838,9.742004,-2.3244934,0.583374,1
1509316341838,0.16966248,0.008987427,-0.016647339,4
1509316341855,9.71582,-1.9031677,0.51672363,1
1509316341856,0.10557556,0.005783081,0.0079193115,4
1509316341875,9.527771,-2.0793152,0.3881836,1
1509316341876,0.008377075,0.041030884,0.014328003,4
1509316341895,9.751526,-1.9364929,0.5548096,1
1509316341896,0.06285095,0.0079193115,-0.0059661865,4
1509316341916,9.834839,-1.9460144,0.49768066,1
1509316341916,0.09169006,0.011123657,-0.04762268,4
1509316341936,9.822937,-1.9317322,0.49768066,1
1509316341937,0.08528137,-0.009170532,-0.052963257,4
1509316341955,9.744385,-1.9745789,0.5048218,1
1509316341955,0.017990112,-0.01878357,-0.035873413,4
1509316341975,9.530151,-2.0626526,0.39294434,1
1509316341976,-0.0033721924,0.0015106201,-0.029464722,4
1509316341994,9.449219,-1.9507751,0.52386475,1
1509316341995,0.016921997,-0.003829956,-0.016647339,4
1509316342014,9.546814,-1.9317322,0.5857544,1
1509316342015,-0.031143188,-0.035873413,-0.026260376,4
1509316342035,9.722961,-1.9079285,0.7095337,1
1509316342036,-0.07707214,-0.07325745,-0.032669067,4
1509316342054,9.894348,-1.7532043,0.7833252,1
1509316342054,-0.27360535,-0.109573364,-0.014511108,4
1509316342074,9.8396,-1.9293518,0.5762329,1
1509316342074,-0.622879,-0.10316467,-0.0059661865,4
1509316342094,9.699158,-2.1888123,0.24298096,1
1509316342094,-0.82902527,-0.08287048,-0.011306763,4
1509316342114,9.71344,-2.2364197,0.25250244,1
1509316342114,-0.7969818,-0.054031372,-6.2561035E-4,4
1509316342134,9.77771,-1.7032166,0.58813477,1
1509316342136,-0.94010925,-0.06791687,0.07521057,4
1509316342154,9.8324585,-1.6770325,0.5214844,1
1509316342155,-1.3139496,-0.10102844,0.10084534,4
1509316342173,9.575378,-1.5913391,0.25012207,1
1509316342174,-1.7572174,-0.1053009,0.19163513,4
1509316342195,9.632507,-2.3054504,-0.16644287,1
1509316342195,-1.9227753,-0.13093567,0.10191345,4
1509316342213,9.449219,-2.231659,-0.15692139,1
1509316342213,-1.8405304,-0.12773132,0.16600037,4
1509316342233,9.551575,-2.6863098,-0.29974365,1
1509316342234,-1.5478668,-0.0839386,0.053848267,4
1509316342255,9.325439,-2.3268738,-0.066467285,1
1509316342255,-1.3577423,-0.10209656,0.07627869,4
1509316342273,9.396851,-2.3530579,0.12872314,1
1509316342274,-1.4837799,-0.18113708,0.038894653,4
1509316342292,9.613464,-2.6315613,0.14776611,1
1509316342294,-1.641861,-0.29862976,0.0036468506,4
1509316342314,9.656311,-2.9814758,0.062072754,1
1509316342314,-1.6749725,-0.37339783,-0.04335022,4
1509316342332,9.318298,-3.4289856,-0.014099121,1
1509316342333,-1.465622,-0.3851471,-0.10316467,4
1509316342352,9.2230835,-3.7503357,-0.07836914,1
1509316342353,-1.0330353,-0.39689636,-0.19181824,4
1509316342375,9.232605,-3.8764954,0.0025634766,1
1509316342375,-0.44343567,-0.37339783,-0.30397034,4
1509316342392,9.068359,-3.8717346,0.49291992,1
1509316342393,0.18461609,-0.3082428,-0.4620514,4
1509316342411,8.980286,-3.809845,0.7190552,1
1509316342412,0.6428375,-0.2665863,-0.62760925,4
1509316342431,9.039795,-3.681305,0.666687,1
1509316342432,0.84791565,-0.22279358,-0.7867584,4
1509316342451,9.087402,-3.6551208,0.8547363,1
1509316342452,0.82655334,-0.12132263,-0.9053192,4
1509316342472,9.177856,-3.836029,0.9951782,1
1509316342473,0.64390564,-0.011306763,-0.96513367,4
1509316342491,9.332581,-4.1002502,0.9713745,1
1509316342491,0.43989563,0.06239319,-0.97688293,4
1509316342511,9.52301,-4.4358826,0.85235596,1
1509316342511,0.32133484,0.13609314,-0.95552063,4
1509316342531,9.611084,-4.7572327,0.8833008,1
1509316342531,0.28929138,0.19804382,-0.8989105,4
1509316342551,9.899109,-5.1023865,0.8547363,1
1509316342552,0.37580872,0.23329163,-0.8134613,4
1509316342570,10.265686,-5.214264,0.6262207,1
1509316342571,0.5702057,0.27494812,-0.67674255,4
1509316342590,10.510864,-5.304718,0.288208,1
1509316342591,0.8019867,0.40312195,-0.504776,4
1509316342610,10.5894165,-5.107147,0.19537354,1
1509316342611,1.0348358,0.55693054,-0.300766,4
1509316342630,10.93457,-4.764374,0.20251465,1
1509316342631,1.1715546,0.66908264,-0.091415405,4
1509316342650,11.046448,-4.438263,0.22631836,1
1509316342650,1.1897125,0.765213,0.10939026,4
1509316342670,11.291626,-4.2692566,0.17871094,1
1509316342670,1.1320343,0.83143616,0.2664032,4
1509316342690,11.50824,-3.964569,0.23822021,1
1509316342690,1.0284271,0.876297,0.41700745,4
1509316342711,11.689148,-3.6027527,0.09539795,1
1509316342711,0.82762146,0.95854187,0.5761566,4
1509316342730,11.9557495,-3.2861633,-0.05218506,1
1509316342730,0.55311584,1.0450592,0.7171478,4
1509316342749,12.486572,-2.9529114,-0.10217285,1
1509316342750,0.19316101,1.117691,0.8421173,4
1509316342769,13.295898,-2.6886902,-0.3449707,1
1509316342770,-0.25331116,1.1700287,0.96388245,4
1509316342789,12.843628,-2.360199,-0.49969482,1
1509316342789,-0.77775574,1.3355865,1.1497345,4
1509316342809,11.534424,-2.193573,-0.66156006,1
1509316342810,-1.2498627,1.413559,1.3142242,4
1509316342829,11.258301,-2.2078552,-0.76867676,1
1509316342829,-1.6461334,1.256546,1.4146271,4
1509316342849,11.113098,-2.5411072,-0.6972656,1
1509316342850,-1.8181,1.108078,1.5075531,4
1509316342869,10.327576,-2.8196106,-0.6829834,1
1509316342870,-1.7241058,1.0290375,1.6132965,4
1509316342889,9.6015625,-2.6601257,-0.6020508,1
1509316342890,-1.512619,0.9126129,1.7681732,4
1509316342908,8.74939,-1.8412781,0.09063721,1
1509316342910,-1.1889801,0.8399811,1.9647064,4
1509316342928,7.840088,-1.2747498,-0.19976807,1
1509316342929,-1.0180817,0.737442,2.1302643,4
1509316342948,7.8829346,-1.141449,-0.21643066,1
1509316342949,-0.9486542,0.5248871,2.1142426,4
1509316342968,8.223328,-0.974823,0.15252686,1
1509316342969,-0.70939636,0.329422,1.9850006,4
1509316342988,7.859131,-0.6867981,0.6095581,1
1509316342990,-0.38468933,0.26213074,1.7809906,4
1509316343008,7.173584,-0.51065063,1.3355713,1
1509316343009,-0.1582489,0.16493225,1.5150299,4
1509316343030,6.518982,-0.30117798,1.3165283,1
1509316343031,-0.12620544,0.01966858,1.209549,4
1509316343048,5.878662,-0.17263794,1.1403809,1
1509316343049,-0.25224304,-0.07218933,0.8709564,4
1509316343068,5.5596924,-0.6296692,0.980896,1
1509316343069,-0.4178009,-0.18434143,0.4554596,4
1509316343087,5.8239136,-1.2604675,1.1070557,1
1509316343089,-0.42314148,-0.36271667,0.043167114,4
1509316343107,6.473755,-1.667511,1.5593262,1
1509316343108,-0.18815613,-0.53041077,-0.35417175,4
1509316343127,7.192627,-1.9579163,1.7687988,1
1509316343128,0.15791321,-0.63508606,-0.7301483,4
1509316343147,7.7686768,-2.1626282,1.6712036,1
1509316343148,0.452713,-0.70558167,-1.0655365,4
1509316343167,8.454224,-2.2459412,1.8473511,1
1509316343168,0.65779114,-0.7568512,-1.3507233,4
1509316343187,9.01123,-2.1602478,1.8830566,1
1509316343188,0.7272186,-0.7782135,-1.5397797,4
1509316343207,9.494446,-2.1245422,2.1663208,1
1509316343207,0.6065216,-0.7418976,-1.644455,4
1509316343227,9.603943,-2.1578674,2.0496826,1
1509316343227,0.29249573,-0.73335266,-1.6690216,4
1509316343246,9.808655,-2.3006897,1.866394,1
1509316343248,-0.15504456,-0.7493744,-1.6679535,4
1509316343266,9.803894,-2.7886658,1.6116943,1
1509316343267,-0.5630646,-0.7995758,-1.6882477,4
1509316343286,9.999084,-3.1290588,1.7687988,1
1509316343287,-0.76600647,-0.90104675,-1.7021332,4
1509316343306,10.215698,-3.5956116,1.6331177,1
1509316343307,-0.80552673,-1.0281525,-1.7534027,4
1509316343326,10.425171,-3.9050598,1.2546387,1
1509316343327,-0.6121979,-1.1200104,-1.8110809,4
1509316343346,11.753418,-4.0835876,1.0856323,1
1509316343347,-0.25758362,-1.3154755,-1.9926605,4
1509316343366,14.8479,-4.366852,1.276062,1
1509316343367,0.20384216,-1.5312347,-2.2703705,4
1509316343385,16.352295,-4.638214,1.1975098,1
1509316343387,0.5979767,-1.4286957,-2.3803864,4
1509316343405,14.474182,-4.7239075,1.026123,1
1509316343406,0.7453766,-1.0302887,-2.219101,4
1509316343426,12.093811,-4.74057,0.9237671,1
1509316343426,0.54777527,-0.708786,-1.9178925,4
1509316343445,10.1276245,-4.842926,1.2593994,1
1509316343446,0.27220154,-0.46739197,-1.4863739,4
1509316343465,8.923157,-4.533478,1.4831543,1
1509316343466,0.25083923,-0.3787384,-0.9758148,4
1509316343485,9.094543,-4.669159,1.6021729,1
1509316343486,0.48368835,-0.5111847,-0.56459045,4
1509316343505,9.894348,-5.0333557,1.5997925,1
1509316343505,0.9152069,-0.5272064,-0.2868805,4
1509316343525,10.222839,-4.8143616,1.4926758,1
1509316343526,1.3542023,-0.33174133,-0.111709595,4
1509316343545,10.249023,-4.188324,1.4307861,1
1509316343545,1.4492645,-0.1053009,-0.0048980713,4
1509316343564,10.187134,-3.8050842,1.1380005,1
1509316343565,1.2794342,0.15638733,0.072006226,4
1509316343584,10.158569,-3.3813782,1.3093872,1
1509316343585,0.9365692,0.4073944,0.23649597,4
1509316343604,10.394226,-3.1004944,1.2094116,1
1509316343605,0.41532898,0.60072327,0.49604797,4
1509316343624,9.927673,-3.238556,0.94281006,1
1509316343625,-0.14222717,0.83891296,0.7983246,4
1509316343644,9.473022,-3.3123474,0.58813477,1
1509316343645,-0.5139313,0.94252014,1.0728302,4
1509316343664,9.815796,-3.4361267,0.16442871,1
1509316343664,-0.6901703,0.92222595,1.2768402,4
1509316343684,10.503723,-3.4908752,-0.30688477,1
1509316343684,-0.6079254,0.95961,1.4156952,4
1509316343703,10.491821,-3.1076355,-0.7877197,1
1509316343704,-0.4028473,1.1048737,1.5983429,4
1509316343723,11.213074,-4.183563,-0.5449219,1
1509316343724,-0.16893005,1.1625519,1.6207733,4
1509316343744,12.010498,-4.3002014,-0.25213623,1
1509316343745,0.124801636,1.2159576,1.803421,4
1509316343763,11.729614,-4.490631,0.28344727,1
1509316343764,0.248703,1.3313141,1.8450775,4
1509316343783,11.117859,-4.766754,0.59765625,1
1509316343784,0.27967834,1.2116852,1.9027557,4
1509316343803,11.327332,-6.1283264,1.526001,1
1509316343804,0.57447815,0.95854187,1.728653,4
1509316343823,10.93219,-5.6236877,3.2541504,1
1509316343824,1.4321747,0.95854187,1.8194427,4
1509316343843,8.3828125,-5.971222,3.758789,1
1509316343844,1.5379181,1.1924591,1.858963,4
1509316343863,6.871277,-7.877899,2.642395,1
1509316343863,1.3007965,1.1881866,1.738266,4
1509316343883,5.8120117,-8.492035,4.668091,1
1509316343883,1.8647614,1.349472,1.7329254,4
1509316343902,3.979126,-8.280182,5.3988647,1
1509316343903,2.361435,1.5289154,1.8696442,4
1509316343923,2.0343628,-9.396576,4.270569,1
1509316343923,2.7075043,1.6763153,1.8578949,4
1509316343942,-0.23651123,-8.546783,5.3274536,1
1509316343943,3.3291473,1.8002167,2.0426788,4
1509316343962,-1.3981323,-7.144745,4.5324097,1
1509316343963,3.5502472,1.8290558,2.0127716,4
1509316343982,-0.8149414,-6.806732,1.8830566,1
1509316343983,3.9027252,1.7158356,1.9155731,4
1509316344002,0.38476562,-4.1216736,2.2805786,1
1509316344002,4.20607,1.6442719,2.1569672,4
1509316344022,1.6725464,-3.6575012,1.2617798,1
1509316344023,3.947586,1.7371979,2.1911469,4
1509316344041,2.862732,-4.6548767,-0.4354248,1
1509316344042,3.8899078,2.2627106,2.035202,4
1509316344061,2.2843018,-4.785797,-0.6734619,1
1509316344062,4.196457,2.7796783,2.2402802,4
1509316344081,2.8270264,-2.3292542,1.0999146,1
1509316344082,4.122757,2.804245,2.1035614,4
1509316344101,4.652771,-1.8841248,0.2644043,1
1509316344102,2.6327362,2.4549713,1.7884674,4
1509316344129,5.762024,-3.0838318,-2.899109,1
1509316344129,0.7902374,2.1537628,1.6239777,4
1509316344141,6.628479,-1.8555603,-6.6053467,1
1509316344142,-0.16786194,2.2125092,1.4936676,4
1509316344166,5.626343,-1.0414734,-6.7695923,1
1509316344167,-0.50538635,2.6023712,1.5150299,4
1509316344181,3.6696777,-3.3908997,-2.6158447,1
1509316344185,-0.2768097,2.2509613,1.2982025,4
1509316344235,3.7648926,0.705719,-3.6703491,1
1509316344236,0.4441681,0.90086365,1.052536,4
1509316344255,8.9279175,4.5976257,-12.508667,1
1509316344257,0.656723,0.43089294,0.30271912,4
1509316344292,19.33728,8.08963,-8.226379,1
1509316344295,0.45378113,0.5836334,0.19163513,4
1509316344304,19.556274,-4.1978455,0.371521,1
1509316344315,-0.4947052,1.1710968,0.4287567,4
1509316344330,14.985962,6.632843,-3.3180542,1
1509316344332,0.23268127,2.1494904,0.5975189,4
1509316344337,8.478027,1.7459412,0.5429077,1
1509316344338,-0.61006165,1.811966,1.3569489,4
1509316344344,11.38446,-4.014557,7.0460815,1
1509316344347,-0.49256897,1.8055573,0.3080597,4
1509316344353,-1.043457,-20.00589,-5.8674316,1
1509316344354,-9.14003,0.54411316,-2.5683746,4
1509316344366,18.468445,-19.963043,19.466858,1
1509316344367,2.9318085,-2.3729095,0.7694855,4
1509316344380,10.979797,8.341949,19.466858,1
1509316344392,-3.1329498,6.726364,1.423172,4
1509316344399,19.556274,-20.00589,19.466858,1
1509316344400,-7.730118,4.8550262,3.6491241,4
1509316344430,-0.94348145,-20.00589,19.466858,1
1509316344431,-4.2064056,5.11351,3.8819733,4
1509316344439,-19.44313,-20.00589,-11.839783,1
1509316344440,-6.0959015,4.66597,3.119339,4
1509316344460,2.1200562,13.0289,-13.755981,1
1509316344461,-2.8584442,-2.8439484,-3.5371552,4
1509316344480,-15.694641,-1.5532532,-2.7182007,1
1509316344481,2.1745148,1.7574921,0.42448425,4
1509316344517,-7.09198,-13.959747,1.7664185,1
1509316344518,1.3274994,-0.1255951,-1.1766205,4
1509316344520,-12.324036,-8.903839,-0.48065186,1
1509316344521,1.3200226,-0.38728333,-1.0922394,4
1509316344540,-5.2019653,-12.410126,9.995361,1
1509316344541,1.2335052,-1.5579376,-1.4938507,4
1509316344558,-0.44836426,-13.295624,12.587585,1
1509316344559,0.81159973,-1.9349823,-1.4169464,4
1509316344578,4.32666,-14.528656,8.964661,1
1509316344580,0.92375183,-1.5290985,-0.9384308,4
1509316344599,4.876526,-11.203278,10.311951,1
1509316344600,1.5881195,-0.8818207,-0.41612244,4
1509316344619,2.6746826,-5.1095276,9.685913,1
1509316344620,1.5795746,-0.39048767,-0.2591095,4
1509316344639,0.42523193,-4.0621643,9.578796,1
1509316344641,1.0081329,-0.06791687,-0.37339783,4
1509316344660,-0.7649536,-4.1788025,5.258423,1
1509316344661,0.2978363,-0.4759369,-0.4139862,4
1509316344679,0.6656494,-4.9476624,6.4105225,1
1509316344682,0.28929138,-0.57740784,-0.6382904,4
1509316344698,0.5918579,-3.919342,7.5316772,1
1509316344699,0.2412262,-0.43107605,-0.55070496,4
1509316344717,0.3704834,-5.3713684,6.548584,1
1509316344718,0.14082336,-0.17366028,-0.28260803,4
1509316344739,0.041992188,-5.247589,5.477417,1
1509316344739,0.15898132,-0.085006714,-0.189682,4
1509316344759,0.122924805,-5.778412,5.182251,1
1509316344760,0.2561798,0.004714966,0.011123657,4
1509316344778,0.14910889,-4.2311707,7.819702,1
1509316344780,0.2561798,0.15104675,0.045303345,4
1509316344799,-1.7290039,-4.562042,7.926819,1
1509316344801,-0.32167053,0.037826538,0.030349731,4
1509316344817,-1.9575195,-5.9283752,6.9437256,1
1509316344818,-0.71473694,-0.15550232,-0.18327332,4
1509316344838,-1.0101318,-7.3542175,7.0984497,1
1509316344839,-0.68803406,-0.2035675,-0.19502258,4
1509316344858,0.09436035,-7.6541443,7.736389,1
1509316344859,-0.4605255,-0.17579651,-0.08287048,4
1509316344878,0.16101074,-7.958832,7.5411987,1
1509316344879,-0.4028473,0.0025787354,0.072006226,4
1509316344896,0.41571045,-4.093109,6.348633,1
1509316344897,-0.27146912,0.15745544,0.15104675,4
1509316344919,-1.3219604,-9.234711,6.420044,1
1509316344919,-0.39857483,0.0912323,0.1264801,4
1509316344937,-1.2196045,-6.72818,7.7125854,1
1509316344938,-0.18708801,0.0068511963,0.049575806,4
1509316344958,-1.690918,-7.2828064,7.6054688,1
1509316344958,-0.26078796,0.004714966,0.025009155,4
1509316344976,-1.3433838,-6.704376,6.627136,1
1509316344977,-0.3408966,-0.113845825,-0.07218933,4
1509316344997,-0.62213135,-7.185211,6.479553,1
1509316344998,-0.30992126,-0.24201965,-0.14588928,4
1509316345017,0.034851074,-7.787445,6.8199463,1
1509316345018,-0.2073822,-0.29649353,-0.17045593,4
1509316345036,0.11102295,-7.9516907,7.3650513,1
1509316345037,-0.1091156,-0.23240662,-0.14375305,4
1509316345057,-0.28411865,-7.254242,7.4483643,1
1509316345058,-0.08668518,-0.1255951,-0.087142944,4
1509316345077,-0.453125,-6.825775,7.35553,1
1509316345078,-0.21806335,-0.08073425,-0.07966614,4
1509316345096,-0.45074463,-7.332794,7.0270386,1
1509316345097,-0.3622589,-0.09889221,-0.09675598,4
1509316345115,-0.3388672,-7.992157,6.374817,1
1509316345116,-0.32807922,-0.12666321,-0.107437134,4
1509316345136,-0.24127197,-7.954071,6.4248047,1
1509316345137,-0.101638794,-0.06791687,-0.048690796,4
1509316345156,-0.14367676,-7.6041565,7.138916,1
1509316345157,0.043624878,-0.024124146,-0.003829956,4
1509316345175,-0.12225342,-7.4375305,7.4436035,1
1509316345176,-0.0023040771,-0.02519226,0.0025787354,4
1509316345196,-0.06750488,-7.896942,7.196045,1
1509316345197,-0.06852722,-0.038009644,-0.016647339,4
1509316345216,-0.29840088,-7.832672,6.896118,1
1509316345217,-0.029006958,-0.02305603,-0.0070343018,4
1509316345236,-0.61499023,-7.6946106,6.6747437,1
1509316345236,0.039352417,-0.012374878,-0.0016937256,4
1509316345255,-0.49597168,-7.3018494,7.0127563,1
1509316345256,0.102371216,-0.01878357,-0.0070343018,4
1509316345275,-0.24365234,-7.4494324,7.086548,1
1509316345277,0.071395874,-0.042282104,-0.019851685,4
1509316345295,-0.07940674,-7.5898743,6.9246826,1
1509316345296,0.075668335,-0.04121399,-0.02305603,4
1509316345314,-0.31744385,-7.4494324,7.0651245,1
1509316345315,0.09062195,-0.014511108,-0.014511108,4
1509316345334,-0.33648682,-7.1733093,6.9818115,1
1509316345334,0.075668335,-0.015579224,-0.02305603,4
1509316345355,-0.22937012,-7.2399597,7.0341797,1
1509316345356,0.06712341,-0.02519226,-0.032669067,4
1509316345375,-0.115112305,-7.43515,7.184143,1
1509316345376,0.059646606,-0.034805298,-0.029464722,4
1509316345395,-0.17224121,-7.4684753,7.131775,1
1509316345396,0.040420532,-0.02305603,-0.015579224,4
1509316345414,-0.4031372,-7.325653,6.7509155,1
1509316345415,0.06391907,0.014328003,0.013259888,4
1509316345435,-0.32458496,-7.0257263,6.874695,1
1509316345436,0.10664368,0.0068511963,0.010055542,4
1509316345454,-0.21984863,-7.5137024,7.236511,1
1509316345455,0.095962524,0.004714966,0.008987427,4
1509316345474,-0.07940674,-7.042389,7.210327,1
1509316345476,0.055374146,-0.021987915,-0.0016937256,4
1509316345493,-0.30316162,-7.1138,6.877075,1
1509316345494,0.019058228,0.02394104,0.02180481,4
1509316345512,-0.369812,-6.7781677,7.043701,1
1509316345513,-0.009780884,0.030349731,0.022872925,4
1509316345534,-0.56500244,-6.2306824,7.0722656,1
1509316345535,-0.14115906,0.02607727,0.015396118,4
1509316345554,-0.5269165,-7.375641,6.6747437,1
1509316345555,-0.25117493,-0.013442993,-0.008102417,4
1509316345574,0.16815186,-8.07785,6.33197,1
1509316345575,-0.1091156,-0.046554565,-0.019851685,4
1509316345594,0.13244629,-7.794586,6.850891,1
1509316345595,0.093826294,-0.0016937256,0.033554077,4
1509316345614,0.19909668,-6.8591003,7.029419,1
1509316345614,0.15364075,0.020736694,0.07948303,4
1509316345633,-0.6102295,-6.6853333,7.479309,1
1509316345634,0.053237915,0.04850769,0.1264801,4
1509316345653,-0.26031494,-7.5922546,7.3864746,1
1509316345655,-0.101638794,-0.019851685,0.069869995,4
1509316345671,0.018188477,-7.8017273,6.4700317,1
1509316345673,-0.11445618,-0.0027618408,0.0912323,4
1509316345691,-0.10321045,-7.3208923,6.484314,1
1509316345692,0.032943726,0.034622192,0.14356995,4
1509316345713,-0.28173828,-6.9447937,7.491211,1
1509316345714,0.051101685,0.017532349,0.15745544,4
1509316345733,-0.35791016,-7.8493347,7.522156,1
1509316345734,-0.03327942,-0.04121399,0.10298157,4
1509316345752,0.08959961,-7.3732605,6.8532715,1
1509316345753,-0.083480835,-0.028396606,0.08161926,4
1509316345772,-0.5459595,-7.2375793,6.4414673,1
1509316345774,-0.07600403,0.053848267,0.12113953,4
1509316345792,-0.9863281,-7.261383,7.4364624,1
1509316345793,-0.021530151,-0.010238647,0.0634613,4
1509316345811,-1.0982056,-7.608917,6.65094,1
1509316345812,-0.09950256,-0.05189514,0.0036468506,4
1509316345831,-0.43884277,-7.580353,7.184143,1
1509316345832,-0.034347534,-0.09889221,-0.030532837,4
1509316345851,-0.53881836,-7.3423157,7.569763,1
1509316345852,-0.07173157,-0.1469574,-0.06150818,4
1509316345870,0.36810303,-7.401825,7.903015,1
1509316345872,-0.15290833,-0.12666321,-0.038009644,4
1509316345891,-0.2960205,-7.375641,6.5581055,1
1509316345892,-0.25865173,-0.040145874,0.031417847,4
1509316345910,-0.57214355,-8.20401,6.536682,1
1509316345912,-0.14543152,-0.026260376,0.04637146,4
1509316345930,0.1895752,-7.1685486,7.184143,1
1509316345931,-0.0460968,-0.1683197,-0.03907776,4
1509316345950,-0.5197754,-7.313751,7.3031616,1
1509316345951,-0.085617065,-0.056167603,0.027145386,4
1509316345970,0.32763672,-8.039764,7.0532227,1
1509316345972,-0.0738678,-0.12239075,-0.032669067,4
1509316345990,-0.3793335,-8.115936,6.8651733,1
1509316345991,-0.038619995,0.04637146,0.10404968,4
1509316346010,-0.3864746,-8.237335,6.58667,1
1509316346011,0.03401184,0.032485962,0.09977722,4
1509316346029,-0.9053955,-7.228058,6.6104736,1
1509316346031,0.16752625,0.034622192,0.1051178,4
1509316346049,-1.2886353,-7.299469,6.9937134,1
1509316346051,0.11198425,-0.021987915,0.013259888,4
1509316346068,-0.44360352,-7.2375793,7.664978,1
1509316346071,0.06819153,-0.11277771,-0.064712524,4
1509316346089,0.5609131,-8.411102,7.664978,1
1509316346091,-0.065322876,-0.115982056,-0.050827026,4
1509316346109,0.061035156,-6.3354187,6.9365845,1
1509316346110,-0.065322876,0.0079193115,0.022872925,4
1509316346130,-1.1148682,-7.461334,6.0510864,1
1509316346131,-0.23835754,0.020736694,-0.058303833,4
1509316346149,-1.0982056,-8.170685,6.284363,1
1509316346152,-0.15397644,-0.056167603,-0.13093567,4
1509316346168,-0.42218018,-8.751495,7.1531982,1
1509316346170,-0.13581848,-0.14482117,-0.16938782,4
1509316346191,-0.15795898,-8.242096,6.9746704,1
1509316346193,0.059646606,-0.12132263,-0.16297913,4
1509316346209,0.30859375,-6.997162,7.169861,1
1509316346210,0.13975525,-0.111709595,-0.13627625,4
1509316346228,-0.1651001,-6.6686707,6.2677,1
1509316346229,0.07460022,-0.04975891,-0.09461975,4
1509316346248,-0.14129639,-7.68985,6.6414185,1
1509316346249,0.023330688,-0.042282104,-0.0978241,4
1509316346268,0.10626221,-8.0659485,7.210327,1
1509316346271,0.046829224,-0.06791687,-0.09996033,4
1509316346288,0.00390625,-8.263519,7.972046,1
1509316346289,-1.6784668E-4,-0.095687866,-0.10102844,4
1509316346307,0.534729,-8.722931,6.5842896,1
1509316346309,0.10664368,-0.19929504,-0.1255951,4
1509316346329,-0.10559082,-8.751495,6.453369,1
1509316346330,0.3886261,-0.12666321,-0.04975891,4
1509316346348,0.2871704,-6.887665,6.33197,1
1509316346349,0.6150665,-0.17045593,-0.04121399,4
1509316346371,0.051513672,-7.601776,5.2679443,1
1509316346372,0.70906067,-0.113845825,0.033554077,4
1509316346388,-0.8911133,-5.3285217,5.2512817,1
1509316346389,0.9654083,0.033554077,0.17134094,4
1509316346407,-1.1696167,-6.028351,7.8339844,1
1509316346408,0.88423157,-0.087142944,0.12541199,4
1509316346427,1.125061,-8.177826,8.917053,1
1509316346428,0.76460266,-0.23027039,0.11152649,4
1509316346448,1.272644,-6.444916,7.35791,1
1509316346450,0.68769836,-0.10636902,0.19377136,4
1509316346468,-0.3531494,-6.111664,5.23938,1
1509316346469,0.6492462,0.12007141,0.2247467,4
1509316346488,-0.58166504,-8.356354,7.1032104,1
1509316346489,1.1491241,-0.013442993,0.17027283,4
1509316346509,-0.08654785,-6.6115417,9.790649,1
1509316346510,1.4172211,-0.08607483,0.16386414,4
1509316346526,0.30621338,-4.328766,10.649963,1
1509316346528,1.1961212,-0.1053009,0.19270325,4
1509316346546,0.103881836,-1.9269714,8.407654,1
1509316346547,0.45057678,0.05064392,0.1403656,4
1509316346566,-0.7173462,-4.6286926,6.370056,1
1509316346567,-0.040756226,0.18095398,0.047439575,4
1509316346587,-0.43408203,-7.0638123,8.357666,1
1509316346588,-0.03327942,-0.008102417,-0.011306763,4
1509316346607,0.82751465,-8.5086975,9.53595,1
1509316346608,0.07887268,-0.1191864,-0.009170532,4
1509316346627,0.45141602,-6.9614563,7.4697876,1
1509316346628,0.23695374,0.07627869,0.09764099,4
1509316346649,-0.39361572,-5.580841,6.877075,1
1509316346650,0.39076233,0.18309021,0.13822937,4
1509316346666,-0.10559082,-4.6072693,8.774231,1
1509316346668,0.35765076,0.10298157,0.07627869,4
1509316346686,0.28479004,-6.40921,9.683533,1
1509316346687,0.21665955,0.07521057,0.043167114,4
1509316346705,0.099121094,-5.361847,8.226746,1
1509316346707,0.18034363,0.16600037,0.06666565,4
1509316346725,-0.68640137,-2.5315857,8.345764,1
1509316346727,-0.0599823,0.18522644,0.06239319,4
1509316346747,-0.33172607,-4.6977234,8.633789,1
1509316346748,-0.46907043,0.029281616,-0.009170532,4
1509316346766,-0.09844971,-7.1994934,8.360046,1
1509316346768,-0.58869934,0.059188843,-0.03907776,4
1509316346785,-0.69592285,-5.2118835,8.169617,1
1509316346787,-0.5769501,0.07521057,-0.032669067,4
1509316346805,-0.42218018,-4.4596863,10.276245,1
1509316346806,-0.82048035,-0.13948059,-0.11277771,4
1509316346825,0.21575928,-7.6874695,8.307678,1
1509316346826,-1.1761627,-0.1608429,-0.16511536,4
1509316346846,-0.5102539,-7.9683533,6.484314,1
1509316346847,-0.91233826,0.037826538,-0.08073425,4
1509316346866,-0.7982788,-5.835541,8.51001,1
1509316346869,-0.7756195,-0.115982056,-0.11064148,4
1509316346885,0.1895752,-6.349701,9.250305,1
1509316346886,-1.0736237,-0.2099762,-0.18006897,4
1509316346904,0.5609131,-6.047394,8.817078,1
1509316346905,-1.437851,-0.12132263,-0.21531677,4
1509316346924,0.18481445,-5.7903137,5.958252,1
1509316346925,-1.7946014,0.036758423,-0.18434143,4
1509316346945,-0.7720947,-9.715546,6.1605835,1
1509316346946,-1.7273102,0.012191772,-0.24201965,4
1509316346965,0.91796875,-10.348724,6.3581543,1
1509316346967,-1.2167511,-0.14482117,-0.29862976,4
1509316346985,-0.050842285,-6.7638855,4.3062744,1
1509316346986,-0.75105286,0.10832214,-0.026260376,4
1509316347003,-1.8099365,-7.7207947,5.977295,1
1509316347004,-0.92729187,-6.2561035E-4,-0.10850525,4
1509316347024,1.6558838,-12.319672,6.824707,1
1509316347025,-0.9080658,-0.23988342,-0.36271667,4
1509316347044,0.71325684,-8.611053,3.361267,1
1509316347045,-0.26185608,0.065597534,-6.2561035E-4,4
1509316347064,-3.1334229,-3.1957092,5.3155518,1
1509316347066,0.040420532,0.119003296,0.12113953,4
1509316347083,-0.31506348,-5.4618225,10.645203,1
1509316347084,-0.49256897,-0.33174133,-0.35951233,4
1509316347103,1.7582397,-12.010223,7.0508423,1
1509316347104,-1.4901886,-0.26765442,-0.43000793,4
1509316347123,1.3797607,-11.272308,1.295105,1
1509316347124,-0.93263245,0.02394104,-0.15550232,4
1509316347143,-0.8673096,-5.9497986,3.854004,1
1509316347144,0.11198425,0.05278015,0.0068511963,4
1509316347162,-0.895874,-7.658905,8.174377,1
1509316347164,-0.005508423,-0.06364441,-0.20463562,4
1509316347184,1.3035889,-10.693878,6.727112,1
1509316347185,-0.28855896,-0.0700531,-0.36592102,4
1509316347202,1.3916626,-11.5746155,4.4609985,1
1509316347203,-0.065322876,0.053848267,-0.22706604,4
1509316347223,1.2631226,-10.77005,1.9568481,1
1509316347225,0.59477234,0.12220764,-0.06578064,4
1509316347242,0.6894531,-7.839813,3.463623,1
1509316347243,1.3274994,0.25465393,0.11152649,4
1509316347262,0.103881836,-6.3925476,7.5721436,1
1509316347264,1.6703644,0.1403656,-0.0059661865,4
1509316347282,0.22766113,-7.5970154,8.731384,1
1509316347284,1.1993256,0.025009155,-0.093551636,4
1509316347301,-0.19604492,-5.652252,5.8463745,1
1509316347303,0.73683167,0.08482361,-0.06364441,4
1509316347324,-0.6268921,-6.0569153,6.101074,1
1509316347325,0.46125793,-0.02305603,-0.1747284,4
1509316347343,0.69421387,-8.9062195,7.4697876,1
1509316347344,0.4441681,-0.21958923,-0.3787384,4
1509316347362,1.1655273,-8.192108,7.4055176,1
1509316347363,0.5349579,-0.15977478,-0.29756165,4
1509316347382,0.22290039,-7.1304626,7.479309,1
1509316347383,0.48262024,-0.1330719,-0.245224,4
1509316347401,0.20147705,-8.0659485,7.3912354,1
1509316347402,0.38008118,-0.21638489,-0.32746887,4
1509316347421,0.7084961,-8.725311,6.562866,1
1509316347422,0.55952454,-0.25804138,-0.36058044,4
1509316347443,1.4654541,-5.70224,6.793762,1
1509316347444,0.79130554,-0.2516327,-0.30610657,4
1509316347460,0.9393921,-6.27829,7.8911133,1
1509316347463,0.5018463,-0.20143127,-0.272995,4
1509316347480,1.0822144,-8.553925,7.695923,1
1509316347481,0.38328552,-0.23774719,-0.32746887,4
1509316347502,0.9298706,-7.6993713,7.5411987,1
1509316347503,0.65138245,-0.21638489,-0.3296051,4
1509316347521,1.1560059,-5.3213806,7.0841675,1
1509316347522,0.5018463,-0.18540955,-0.32426453,4
1509316347540,0.69659424,-8.049286,7.536438,1
1509316347541,0.26686096,-0.18861389,-0.4001007,4
1509316347562,1.8582153,-9.058563,9.007507,1
1509316347563,0.6428375,-0.35417175,-0.54322815,4
1509316347581,1.1012573,-6.997162,8.743286,1
1509316347582,0.8073273,-0.25590515,-0.4759369,4
1509316347600,0.5656738,-6.704376,6.984192,1
